   0.0000000e+00   5.0000000e-01   1.0000000e+00   1.5000000e+00   2.0000000e+00   2.5000000e+00   3.0000000e+00   3.5000000e+00   4.0000000e+00   4.5000000e+00   5.0000000e+00   5.5000000e+00   6.0000000e+00   6.5000000e+00   7.0000000e+00   7.5000000e+00   8.0000000e+00   8.5000000e+00   9.0000000e+00   9.5000000e+00   1.0000000e+01   1.0500000e+01   1.1000000e+01   1.1500000e+01   1.2000000e+01   1.2500000e+01   1.3000000e+01   1.3500000e+01   1.4000000e+01   1.4500000e+01   1.5000000e+01
  -1.3340136e-01  -4.8013552e+00   1.2459917e-01   1.8379941e+00   1.7247468e+01  -3.6316779e+00   2.7304316e+00   5.2673181e+00  -4.2971762e+00   7.0968919e+00   1.7742601e+00   6.1065407e+00  -1.5303658e+00   7.3585824e+00  -1.7719785e+00   1.6748736e+00   4.6053021e+00   5.7353521e-01   7.9484859e+00   1.0974169e+00  -2.1735954e+00  -6.1364508e+00   2.6170260e+00  -6.0413780e+00   6.9462468e+00   3.6680437e+00  -1.6089759e+00  -3.7289736e+00   1.2811756e+00  -1.2694718e+00   1.5527263e-01
  -1.1745133e+01  -1.6634932e+00   9.7440941e+00  -6.1354448e+00  -4.0628237e+00   8.1738098e+00  -5.7322457e-01   1.1240793e+01   4.0313929e+00   1.5913613e+00  -1.8265931e+00  -2.6305395e+00   1.4299089e+00  -7.8844328e+00   4.8975605e+00   8.0279182e+00  -5.4429574e+00  -1.1170060e-01   3.2487847e+00  -1.8457833e+00  -2.8734928e+00  -9.8575152e-01  -2.5146318e+00   5.3090890e+00  -1.1214728e+00   2.6301368e+00  -3.8665283e+00   2.0262600e+00   3.7608934e+00  -3.8980973e-01   3.8563745e+00
   1.0764905e-01   8.6571845e+00  -5.6204649e+00  -2.9998177e+00   4.3936061e-01  -6.8923077e+00   1.0408204e-01   4.3478503e+00   1.1211505e+01  -9.9846225e-01   1.1569423e+00  -3.0430789e+00  -4.0960023e+00   7.3237998e+00  -5.1976392e+00  -4.3427452e+00  -6.0670445e+00   2.3622922e+00   6.1011335e+00  -1.4354420e+00  -9.9374918e+00  -7.4504299e+00  -2.2203094e+00  -7.4902997e+00  -1.0977377e+00   7.4154250e+00   1.0723775e+00  -1.5922442e+00   1.8730205e+00  -3.0286937e+00  -6.5705250e+00
   6.2543463e-01   5.6869157e+00  -8.3396233e-02   5.0634572e+00  -3.7304424e+00  -3.1854901e+00  -3.8542788e+00  -3.8898807e+00   1.8069699e+00   3.1369353e+00  -4.2022649e+00   1.7168404e+00   1.0206969e+00   7.1211639e+00   3.5202520e+00  -2.1300810e+00   6.5980925e-01  -7.9824224e+00  -3.2438681e+00   1.3500559e+01  -1.7386577e+00  -5.9540887e+00   1.1565005e+00  -3.0788899e+00   5.0933049e+00   2.5148479e+00   3.7033234e+00   2.8052013e+00  -1.6996371e+00   7.2530187e-01   7.5241408e+00
   1.1907877e+00  -4.9049334e+00  -4.3874018e-01   5.4104984e+00   6.5156463e+00  -6.2600516e+00  -7.9662252e+00   3.4457631e+00  -3.9327070e+00   7.1924003e+00   2.1506715e+00   1.3607251e+00  -2.1591890e+00   1.1355463e+00   1.2876253e+00  -7.0154224e-01  -4.2874300e+00  -4.4022196e+00   4.9079040e+00   4.2129039e+00  -3.5103719e+00  -5.7557794e-01  -9.7861909e-01   6.2815699e+00   6.2569581e-01   4.1733169e+00  -3.9038063e+00   2.5344079e+00   2.4716371e-01   8.1575851e+00   1.6170657e+00
  -1.1807913e+01   1.8237591e+00  -5.0223302e+00  -2.1324880e+00   9.7413050e+00   2.5323216e+00   4.3513750e+00  -4.3798049e+00  -9.9471986e+00  -1.6288502e-01  -3.5740586e+00   4.9025918e+00   6.5441272e+00  -6.8752474e+00   2.9409523e+00  -2.8421462e-01   4.5733959e+00  -4.1250927e+00  -6.3523747e+00   2.2289864e+00   7.8398331e-01   2.9780540e-01   9.2572182e-01  -3.0662139e+00  -4.3321304e+00  -3.4180103e+00   3.2508731e+00  -6.4498374e-01   3.5701305e+00   8.5123178e+00  -1.5382342e+00
   9.1969869e-01  -4.5841930e+00  -8.1872091e+00   4.7600900e+00  -1.3036304e+01  -7.7802151e+00   3.7212952e+00  -5.4266414e-01  -1.5256595e+00   2.2064023e+00   2.6280813e+00  -1.1757343e+00  -4.2998574e+00  -3.8560443e+00   3.1050395e+00  -7.1941257e-01  -8.3180745e-01  -1.1111983e+00   4.5381123e+00  -3.6721756e+00   7.4404336e-01   1.5874528e+00   2.2322325e+00   2.0409108e+00   1.2221017e+00   5.1288514e+00   1.1020447e+01   9.1525509e-02  -7.0130432e+00   4.5273278e-01  -7.8320518e+00
  -6.8520556e+00  -3.5011369e+00   4.2485429e+00   1.3624092e+00   1.1505541e+00  -5.3285149e+00  -7.8484908e+00   4.9537507e+00   1.2967064e+00   2.0762386e+00   1.9255162e+00  -3.3078763e+00  -3.3403298e+00   7.3279153e+00   9.9036895e+00  -3.1381603e+00   4.1707292e+00   2.7093236e+00  -2.0294562e+00   7.4764366e+00   1.5618835e+00  -1.5577737e+01  -4.3613568e+00   2.3232037e+00   8.5782170e+00   1.2806079e+01   8.3074011e-01  -7.1498620e-01   7.0035809e+00   4.4345349e+00   8.2661515e+00
   2.2176815e+00  -2.7431968e+00   1.5523070e+00   7.6394481e+00  -1.1998432e+01  -9.1115101e-01   5.0635023e+00  -2.3366149e+00  -1.8333883e-01  -4.6222024e+00   1.4475513e+00   4.2972951e+00  -1.8239226e+00   5.9157747e+00   1.7919518e+00  -2.1154904e-01  -8.5339193e+00   3.5709713e+00   3.9696406e+00   1.7262011e+00   9.5195689e+00   9.9235903e-01  -8.0761013e+00  -3.9566425e-01  -7.8276664e-01   3.8416332e+00   4.1938760e+00  -5.3698307e-01   5.4983314e+00   7.7825203e-01   7.9174975e+00
   5.1929321e+00   2.0050734e+00   4.0250561e+00   5.0558080e+00  -3.2627062e+00   3.1450753e+00   4.2015177e+00   1.7739409e-01  -2.7930262e+00  -5.8353637e+00   5.7975804e+00  -1.8323162e+00   1.1819717e+00   5.0896046e-01   6.6313342e+00   1.5627257e+00  -3.4030711e+00   5.4317634e+00  -4.3984761e+00  -7.1019340e+00  -3.7196245e-01  -6.5705949e+00  -3.5937811e+00   2.0972768e+00   2.8133621e+00  -9.9593652e+00  -1.1322624e+01  -3.5245919e+00  -1.6301851e+00  -6.5576555e-02   4.5576656e+00
