   0.0000000e+00   5.0000000e-01   1.0000000e+00   1.5000000e+00   2.0000000e+00   2.5000000e+00   3.0000000e+00   3.5000000e+00   4.0000000e+00   4.5000000e+00   5.0000000e+00   5.5000000e+00   6.0000000e+00   6.5000000e+00   7.0000000e+00   7.5000000e+00   8.0000000e+00   8.5000000e+00   9.0000000e+00   9.5000000e+00   1.0000000e+01   1.0500000e+01   1.1000000e+01   1.1500000e+01   1.2000000e+01   1.2500000e+01   1.3000000e+01   1.3500000e+01   1.4000000e+01   1.4500000e+01   1.5000000e+01
  -6.3964717e+00   4.6074216e+00  -1.1066551e+00   5.1357951e+00   2.9804289e+00   6.7983452e+00  -5.8865562e+00  -5.6827795e-01   5.8608929e+00   6.3978418e+00   6.3449290e+00  -1.4521864e-02  -2.4499335e+00   1.1567286e+00   6.7578990e+00  -3.3512107e+00   2.7736442e+00  -3.4949943e+00   3.3133231e+00   5.0881941e+00  -1.1212241e+00  -2.5625677e+00   3.0253043e+00  -2.8496636e+00  -1.8554265e+00   5.1429257e+00  -6.9637878e+00   4.6790441e+00  -1.7765481e+00  -2.5239928e-01   5.2414761e+00
  -2.7652993e+00  -3.9933565e+00  -9.8166574e-01  -3.4453228e+00  -5.9821210e-02   2.3454208e+00  -5.2253303e+00  -8.0178798e+00  -2.6439499e+00   1.5040024e+00  -9.2956649e-01   6.7776975e-01  -6.9067977e+00  -5.5261035e-01   5.9055821e+00  -3.5143401e+00  -2.4995048e+00   5.3591810e+00  -2.3382932e+00   2.9258014e+00  -9.2400750e+00   1.3706418e+00   2.6283394e+00   9.5713123e+00   5.4822892e+00  -1.4233814e+00   4.0523434e+00  -1.4187696e+00  -3.8590316e+00   4.7784881e+00   2.4328506e+00
  -3.7966601e+00  -4.0169550e-01   9.5086273e-01   5.9379567e+00  -2.9354679e+00   8.2813139e-01   7.9476069e+00   9.1317316e+00  -4.6703884e-01   3.3724160e+00  -1.0155456e+01   5.8135888e-01   3.9628317e+00  -6.2014925e-01   1.0638907e+00  -1.7982919e+00   3.1010962e+00  -3.3191935e+00  -2.1983486e+00   1.1857162e+00   2.2637515e+00   2.0401479e+00   9.2440928e+00  -4.7484015e+00   3.4669037e+00  -2.2485254e+00  -9.2831407e-01  -2.9210687e+00   1.8331911e+00   9.6278113e+00  -8.0727590e+00
  -1.9125174e+00   3.1603397e-01  -2.9832445e+00  -1.0681539e+01  -7.3911702e-02  -6.8273793e+00  -5.4225299e+00   2.0699145e+00   7.7894716e+00  -6.3431862e+00   1.3453582e+00  -1.1197063e+00  -3.9743758e+00   3.7752012e+00   1.3776037e-01   1.1501128e+00   3.9883995e+00   1.4919904e+00   1.0476072e+01   1.3664656e+01  -2.9928929e+00   7.7591982e+00  -3.2034815e-01  -5.2840882e+00   1.8525020e+01  -5.8375434e+00   4.1656989e+00   4.2399442e+00  -7.1128308e+00   8.8946827e+00   4.8233248e+00
   1.3149734e+00   1.1374010e+01   3.1636016e+00   8.5694719e+00  -3.7822950e-01  -6.1244472e+00   2.3441021e+00  -1.1097773e+00   6.7292229e+00  -2.1839796e+00  -6.1298990e-01   2.4344306e+00  -2.6568948e+00  -1.0310124e+01  -6.6652518e+00   2.9321805e-01   5.6191346e+00   1.3849887e+01   2.7782882e+00  -2.4021661e+00  -3.7542075e+00  -6.0059246e+00  -3.5367386e+00  -6.6625275e+00  -8.0917637e+00   8.3296967e+00  -7.7764255e+00   1.3328004e+00  -4.6024515e+00   1.8802001e+00  -1.4575060e-01
   5.8246368e+00   9.1642905e+00  -2.1701650e+00  -1.7407861e+00  -2.9644563e-01   2.1062809e+00   9.5378319e+00  -3.4764451e+00   2.2651738e+00  -5.9381693e+00   7.5835835e+00  -5.3047576e+00   2.1829917e+00   5.2881302e+00  -3.1629272e+00  -1.2200333e+01   4.4981095e+00   8.2847804e+00   6.0413762e+00   8.5825292e+00  -1.5535879e+00   7.4829144e-01   1.4221564e+00  -6.0040262e+00   3.8812907e+00   3.3070968e+00   3.2665401e-01  -5.3692876e+00   6.8334114e+00  -8.3645785e-01  -1.9529233e+00
   6.6825390e+00  -2.8031316e+00   3.5842427e+00  -1.7951257e+00  -5.3283520e+00   8.3015397e+00  -2.7527182e+00  -1.0806983e+00  -7.6581894e+00  -2.3981089e+00  -1.7040333e+00  -3.3658725e+00  -1.0739301e+00  -4.1655220e+00  -3.3411217e+00   4.8880257e-01   4.4899487e+00   4.3953192e+00  -2.1430162e+00  -3.3120359e+00   4.4941719e+00   1.4102371e+01   4.4683726e+00  -2.3793929e+00   4.1645791e+00   2.9671761e+00  -7.4911888e-01  -4.2240373e+00  -4.9482390e+00  -8.7481194e-01   3.6773437e+00
   2.5868591e+00  -6.6643060e+00   4.8541430e+00   3.5213589e-01  -5.6379873e+00   4.1737567e+00  -1.3406912e+00   4.4253252e+00   3.2808871e+00   4.4662782e+00   8.2854463e-01   9.9761872e-01   3.9432906e-01  -4.4806751e+00   3.2345154e-01  -7.2390232e+00  -1.4147496e+00  -1.9871991e+00   6.5896353e+00  -4.5366193e+00  -5.1966208e+00  -2.3887771e+00   5.9383526e+00   1.2589775e+01  -2.2731390e+00  -5.6260638e+00   1.1890377e-02   5.8733918e+00  -1.6172567e+00  -4.9766639e+00   8.7268193e+00
  -3.1211826e-01  -7.6531033e+00  -4.8339789e+00   4.2614934e+00  -3.2888398e+00  -8.0773877e+00   3.8894603e-01  -1.3270438e+01  -8.7274828e+00   2.4639948e+00  -1.2135525e+00  -5.3537740e+00   2.1320021e-02   4.2490958e+00  -2.7756176e+00   6.0787308e+00   1.0289621e+01   9.3229916e-01   2.5931133e+00  -4.5579058e+00   2.7084020e+00  -2.4644117e+00   6.2540912e-01   2.5534792e+00   3.2118324e+00  -3.2124172e+00   2.0358558e+00   5.1783425e-01   2.3418392e+00  -5.0647236e+00   4.2990123e+00
   2.1986674e+00   2.1411008e+00  -3.6592366e+00  -9.2502028e+00  -1.0149602e+00  -2.4624248e+00   8.1274407e-01  -5.3800306e+00  -7.9274755e-02   2.2530571e+00   2.4436427e+00  -8.6208082e-01   5.2623948e+00  -1.1474146e+01  -6.7192663e+00   2.0163126e+00   1.4471021e+00   4.2075661e+00   2.6058013e-01   9.2367638e+00   1.2890233e+00  -2.1378302e+00  -5.2318223e+00   5.9667459e+00  -1.0005085e-01   3.4734186e+00  -7.5898853e-01   3.0666830e+00   1.0520454e+00   5.6949499e+00   1.5120392e-01
