   0.0000000e+00   5.0000000e-01   1.0000000e+00   1.5000000e+00   2.0000000e+00   2.5000000e+00   3.0000000e+00   3.5000000e+00   4.0000000e+00   4.5000000e+00   5.0000000e+00   5.5000000e+00   6.0000000e+00   6.5000000e+00   7.0000000e+00   7.5000000e+00   8.0000000e+00   8.5000000e+00   9.0000000e+00   9.5000000e+00   1.0000000e+01   1.0500000e+01   1.1000000e+01   1.1500000e+01   1.2000000e+01   1.2500000e+01   1.3000000e+01   1.3500000e+01   1.4000000e+01   1.4500000e+01   1.5000000e+01
   2.9323265e+00  -9.7912561e-02   3.9168663e-01  -3.9533814e+00   4.0616738e+00   3.0544512e+00  -1.2780675e+00  -2.1282775e+00   2.4673990e+00  -9.9793974e+00   2.1129463e+00   1.6842862e-01   1.3669390e+00  -3.1614834e-01  -3.0666731e+00   2.8294356e+00   5.9863258e+00   1.0471319e+01   2.9603986e+00   4.2848355e+00   6.7983309e+00  -9.2460692e+00   4.6561232e+00   1.5560507e+00   1.2803835e+01   1.4899083e+00  -3.0921048e+00  -3.3832342e+00   6.9447103e+00  -1.9983480e+00   3.4343072e+00
   2.9657280e+00  -2.1262468e+00  -4.2148062e+00   3.6249286e+00  -5.3672113e+00   1.5591508e+00  -1.0160286e+00  -9.3160197e+00  -5.2243659e+00   1.0671727e+00   2.2156339e-01  -4.6140186e+00  -1.1063548e+00   8.7002934e+00   9.5319699e+00   3.6689572e+00   3.2742060e+00   4.1368320e+00   8.2525982e-02  -9.7058311e-01   5.9768396e+00   2.0424888e+00   1.1880233e+00  -5.7918062e+00   2.3288028e-01   2.9492282e+00   7.5067704e-01   8.4483078e+00  -2.0749050e+00   6.1466086e+00   6.7562194e-01
   4.8000942e+00  -5.4019421e+00  -7.8447667e+00   3.6513131e+00  -1.8363891e+00   5.2800733e-01  -3.3129521e+00  -2.2720369e+00  -1.9148538e+00   4.8024118e+00  -4.7371458e-01  -1.9548497e+00   2.1510629e+00   3.1897591e+00   2.6130139e+00   1.1787586e+00   6.5732375e+00   9.4787732e+00   1.2110421e+00  -3.5953832e+00   6.8629006e+00   7.2783477e+00   1.9264366e+00  -3.7928782e+00  -3.4408169e-01   1.9659008e+00  -3.8018052e-01   6.1612159e+00   3.6432248e-01  -4.7716025e+00  -9.7727538e+00
   1.0799949e+00  -6.9868936e+00   6.3877211e+00  -4.9243042e+00  -7.7877317e-02  -1.2742384e+00   6.0059330e+00  -4.1381511e+00   4.5101518e+00  -3.3886188e+00  -3.7894674e-01  -5.3321077e+00   1.0987999e+00   1.5195293e+00  -6.0009732e+00   1.0597581e+01   6.6865984e+00  -2.9686621e+00   2.7911098e+00  -7.8447193e+00  -3.4309966e+00  -1.1100513e+00  -1.0004566e+00  -2.7196998e+00   7.8910324e+00  -3.8367288e-01   7.8800639e+00   6.4318656e+00   8.0057461e-01   4.2206597e+00  -2.0431016e+00
  -5.4134121e+00  -7.4205413e-01   2.8595949e+00   1.4839840e+00  -4.0675468e+00  -1.5667470e-01   2.8672336e-01  -5.1749537e+00  -2.9219942e+00  -8.3407834e+00   2.9464022e+00  -9.7780936e+00   3.7468548e+00  -1.8934343e+00   2.1155431e+00   8.0143057e+00  -2.2459995e+00   6.9998725e+00  -3.9869283e-01  -5.2783143e+00  -3.5103708e+00  -1.4755503e+00   5.4376106e+00  -1.2163798e+00   5.2047488e+00  -1.0483160e+01   7.1310834e+00  -9.1162769e+00   1.3831658e+00   5.7203428e+00  -5.4474028e+00
  -3.9786829e+00   1.3569012e+01  -4.8391279e+00   1.7869607e+00   3.1683829e+00  -6.3851129e-01  -4.9398023e+00  -3.8918544e+00   6.3966795e-01  -2.2880107e+00  -2.3352188e+00   6.2564565e+00   1.5028173e+00   4.2708922e+00   6.2096008e+00  -2.0300538e+00   9.8566754e+00  -1.8127712e+00  -1.3565662e+00   1.1985106e+01   4.8850248e+00  -4.2433275e+00  -7.4049741e+00   7.2153647e-01   6.4057726e+00   6.2083896e+00  -2.4563606e+00   5.4034805e+00   1.5610640e+00  -8.9275174e-01  -1.5337292e+00
  -5.6956848e+00  -3.9729236e+00  -5.3694461e+00   7.0436548e+00   3.2457285e+00   8.5373719e+00   4.4088814e+00   3.2405360e-01  -3.9357652e+00  -2.6403535e+00  -4.7528259e-01   2.2043319e+00  -9.3426339e-01   8.5908949e+00   1.3410488e+01   9.1338535e+00  -4.9884983e+00   1.0270587e-01  -1.0949273e-01   4.9435609e+00   2.4723506e+00  -2.6929504e+00   3.0445395e+00   9.4064209e+00   6.2003980e+00  -9.7958570e+00  -3.8454323e+00   2.8855153e+00   8.0164815e+00   4.6516135e+00  -4.5940947e+00
   3.3075339e+00  -1.1094800e+00  -8.8433232e+00  -2.9495922e+00  -4.9752281e+00  -2.9549511e+00   8.0642834e+00   3.5379063e+00   3.5352834e+00   3.2410622e+00  -4.5833906e+00  -1.0231921e+00  -1.1667368e+00  -1.5349172e+00   1.3360920e+01   5.9406460e-01  -9.0228824e-01   7.2459757e+00   4.7336893e+00   5.3902242e+00  -1.9503957e+00   2.7155942e-01   1.3047913e+01   1.6572122e+00  -2.6873782e+00  -1.1244021e+00   9.9214770e+00  -4.3159898e-01  -7.7768850e-01   4.2355709e+00  -2.1754059e+00
  -3.2024890e-01   6.9547318e-01  -4.5994900e+00   2.4813764e+00  -6.7827826e+00   2.3511829e+00   7.9103699e+00  -4.0193519e+00  -3.8120695e+00   6.5787107e-01   8.6283047e-01   3.2238554e+00   6.1619194e+00   5.9255983e+00   1.1356866e+01   1.4794157e+01  -7.4534165e-02   6.8821029e+00   2.5806461e+00   1.4210822e+00  -4.8453822e+00  -1.7396819e+00  -3.2479505e+00   3.5902357e-02  -9.8629530e+00  -3.9466571e+00   8.6490000e+00   7.5092926e-01  -6.4410987e+00  -5.5199968e+00   1.6108011e+00
   6.0334330e-01  -5.0958960e+00   1.0504125e+00  -4.8523076e+00   2.1764009e+00  -1.0750209e+01   7.5899236e+00  -1.5985870e+01  -6.1272018e+00   1.0764630e+00  -3.3948610e+00   3.6526370e+00   1.2774380e+00   1.1659061e+01  -1.7653955e+00   2.4206050e+00   1.4372944e+00   4.1054920e+00   4.5186707e+00   8.8182098e+00   1.0454041e+00  -2.6554035e+00  -7.0195636e+00   1.1677800e+01   1.4042976e+00   1.4497628e+00   3.5139044e+00   4.3531047e+00   1.3044727e+00  -1.6216576e+00  -3.7739034e-01
