   0.0000000e+00   5.0000000e-01   1.0000000e+00   1.5000000e+00   2.0000000e+00   2.5000000e+00   3.0000000e+00   3.5000000e+00   4.0000000e+00   4.5000000e+00   5.0000000e+00   5.5000000e+00   6.0000000e+00   6.5000000e+00   7.0000000e+00   7.5000000e+00   8.0000000e+00   8.5000000e+00   9.0000000e+00   9.5000000e+00   1.0000000e+01   1.0500000e+01   1.1000000e+01   1.1500000e+01   1.2000000e+01   1.2500000e+01   1.3000000e+01   1.3500000e+01   1.4000000e+01   1.4500000e+01   1.5000000e+01
   5.6551767e+00  -3.7453129e+00  -5.1139016e+00   2.7060228e+00  -5.1038850e+00   1.1436497e+01   4.6569234e+00   2.1788519e+00  -4.3172157e+00   5.6498285e+00  -2.3419454e+00   1.0435681e+01   4.1276586e+00   7.8871739e-02   4.3092800e+00  -1.5113224e+00   9.0790303e+00   2.5049334e+00   2.4214528e+00  -7.2117847e-01  -4.2236892e-01  -5.1727637e+00  -1.1001548e+01   5.0577352e+00   5.2927619e+00  -2.2148534e-01  -5.0198633e+00  -2.0943385e+00   5.6205312e+00  -2.5120087e+00   1.7269973e+00
   4.2248582e+00  -3.4700223e+00  -5.5965022e-01  -5.0425924e+00   2.8743109e-01  -5.9390331e+00  -6.6512465e-01   1.6635512e+00   1.5654116e+00   3.0824367e+00   5.4861876e+00   6.4252946e+00   6.0122974e+00   1.2629821e+01   1.7336504e-01  -6.9869645e+00   2.9054186e+00   2.6101127e+00  -5.3303938e-01   9.0872298e+00  -8.5683230e-01  -1.8345688e+00  -9.0806200e+00   2.1630029e+00   3.7915971e+00   2.2256755e+00  -1.2325015e+00  -1.8498846e+00  -1.9592594e+00  -2.1813003e+00   1.6800510e+00
  -9.8296114e+00  -4.1584479e+00  -7.5628481e+00  -1.5178615e+00   2.7058913e+00  -5.1784333e-02   1.3515129e-01  -3.0305333e+00   4.0059170e+00   5.3255772e+00  -2.1445741e+00  -1.6782273e+00  -3.9682457e+00   4.4695496e+00  -6.9241754e-01   3.9411260e+00   1.0618721e+01  -8.0693277e+00  -1.2028960e+00  -1.8399125e-01  -1.6595440e+00   1.0327507e+01   6.4511842e+00   4.3312919e+00  -1.2449115e+00   2.8187429e+00  -2.9754890e+00   1.9678089e+00  -6.4275510e+00   6.4027551e+00  -1.6363095e+00
  -1.8111490e+00  -9.9324202e+00  -4.1538948e+00  -8.5940115e+00   2.8898731e+00   3.2823867e-01  -1.2065837e+01  -6.6787177e+00  -2.4090883e+00  -2.4452376e+00   7.6544654e-01   1.1714056e+00   1.2160322e+01  -8.4483873e+00  -4.8511762e+00   3.4205403e-01   3.9620173e+00   8.1788418e+00   7.6742705e+00  -3.0396535e+00  -3.5982548e+00  -2.2958723e-01   4.8685704e+00   3.2662435e+00  -5.5170911e-01  -8.7625636e-01  -7.3443003e+00  -1.8005407e+00   1.3599940e+01   8.7512870e+00  -2.0205046e+00
   2.5542683e+00   1.1255203e+01   5.6636283e+00  -5.5225447e+00   2.6129470e+00   3.1014989e+00  -6.2073536e+00  -6.2535283e+00  -8.1344194e+00  -2.9021416e+00  -1.0673088e+01  -3.5253913e-01   4.5030450e+00   5.2156749e+00   2.8088644e+00  -2.6592099e+00   9.1797176e+00   1.1334702e+01   1.2191171e+01  -3.0241396e+00   3.3329807e-01  -2.8273199e+00   5.4384814e-01  -1.0716477e+01   3.5233662e+00   9.4236299e-01   3.3105213e+00   8.6699312e+00  -7.9451928e+00  -9.0413206e-01   1.6808870e+00
  -4.6192732e+00   3.7589502e+00  -1.2176810e+00  -1.0808750e+01  -8.4114157e-01   5.7411845e-01  -2.0310551e+00   4.6331462e+00  -2.5472483e+00  -6.6081743e+00   2.8948240e-01  -7.0489715e-01   4.8923763e+00   2.1440635e+00  -2.7171782e+00   7.1440868e+00   2.7635061e+00   2.4053991e+00   8.3070675e-03   3.7624520e+00   1.3433660e+00   2.8283413e+00  -5.6059420e+00  -7.8901269e+00   5.1749772e+00  -3.6627852e+00  -1.0233514e+01   8.0210971e+00   8.8536328e+00   6.4541910e+00   6.4113756e+00
   1.2331698e+00  -1.3616905e+00   9.7531108e-01  -4.9003552e+00  -6.7593652e+00   1.0541323e+00   6.3446886e+00   4.8630789e+00   4.3570387e+00  -5.2036934e+00   2.1064158e+00   2.6590506e+00   7.6242115e+00   2.6124529e+00   5.6377385e+00   5.1006475e+00  -2.6802990e+00  -7.0671801e-01   6.8459230e-01   3.4893889e+00   1.2323241e+00   7.0592617e+00  -7.0895411e+00  -9.7670612e+00  -1.2018311e+01   8.6000826e+00   2.9482451e+00  -9.5999356e+00  -4.3046068e-01  -4.1868805e+00   5.2648062e+00
   1.3208224e+00  -7.7600365e-01   6.0139435e+00  -1.9170476e+00  -3.0389389e+00   9.6882643e-01   1.3188479e+01  -1.5138465e+01   3.2449694e+00  -1.1485917e+00   2.6356488e+00  -9.8175425e-01   1.2303218e+01   8.7610329e+00   1.1249236e+01  -6.7237601e-01  -7.5208699e-01   6.3643427e+00   4.5198484e+00   4.0940470e+00   4.7673376e+00   2.6510793e-01   1.9469699e+00  -2.9637974e+00   3.3548448e+00   3.0477228e+00   3.2296224e+00  -2.0138649e+00   7.7564270e+00  -7.3046652e+00   7.1940707e+00
  -9.7528942e-01  -3.6598285e+00   4.2093506e+00   8.0631014e+00  -9.0094471e+00   7.8041359e+00  -1.8924721e+00   1.5969697e+00   7.4802684e+00   2.9393268e-01  -4.1131199e+00   1.0147716e+01   5.6690179e+00   3.0979526e+00   3.5954108e+00   2.3066798e+00   9.7883811e-02   8.1680192e+00  -6.7174774e-01   3.0869995e+00   2.7524853e+00   4.5533556e+00   1.1738724e+01  -8.7653982e+00   4.3006006e+00   3.1972823e-02  -2.6569971e-01  -1.8518198e+00   1.7089411e+01   5.6985006e+00  -4.8668373e+00
   1.0167553e+00   6.7313123e+00  -1.2681519e-01   6.8716790e+00  -3.5985435e+00   4.4031811e+00  -4.2549714e+00   2.8683477e+00  -1.4916969e+00   6.1630073e+00   4.5205053e+00   4.4287706e+00   1.3391663e+00   1.0770221e+00   2.3973790e+00   2.2534338e+00  -4.2483962e-01   5.8490116e-01  -3.4949871e+00  -8.7113208e-01   4.7133655e+00  -2.8523506e+00   3.3088279e+00  -2.4813536e+00   1.7021521e+00   6.7253881e-01   3.6826758e+00  -6.0319402e+00  -4.4467101e+00   5.7099396e-01   4.2946717e+00
