   0.0000000e+00   5.0000000e-01   1.0000000e+00   1.5000000e+00   2.0000000e+00   2.5000000e+00   3.0000000e+00   3.5000000e+00   4.0000000e+00   4.5000000e+00   5.0000000e+00   5.5000000e+00   6.0000000e+00   6.5000000e+00   7.0000000e+00   7.5000000e+00   8.0000000e+00   8.5000000e+00   9.0000000e+00   9.5000000e+00   1.0000000e+01   1.0500000e+01   1.1000000e+01   1.1500000e+01   1.2000000e+01   1.2500000e+01   1.3000000e+01   1.3500000e+01   1.4000000e+01   1.4500000e+01   1.5000000e+01
   5.6507346e+00  -7.2192394e+00  -6.0002541e+00   5.4662336e-01   1.9504028e+00   1.6882202e+00  -2.6594249e+00  -5.2956131e+00   1.5545940e+00  -3.5921405e+00  -4.6125453e+00  -3.3260511e-01   7.7480348e+00  -1.0219952e+00   1.1844058e+01  -2.7059241e-01  -1.9011265e+00  -5.0295493e+00   2.7049933e+00   3.9396201e+00  -2.8271570e-01   1.1757976e+01   4.0155470e-01  -1.4931234e+00   2.4479734e+00   4.3587047e+00   2.0007360e+00  -1.2276182e+01  -1.7171853e+00  -5.4057972e+00   1.8894031e+00
   4.7579348e+00   8.6251400e+00  -1.2368492e+00   8.9769901e-01  -6.6065470e-01  -6.2852170e+00  -1.8976260e+00  -1.0043096e+01   6.2836196e+00   7.8315530e+00  -1.3610685e+00   3.7308710e+00   7.4510797e+00   1.2221971e+00  -2.7514839e-01   4.2422500e+00   1.3658705e+00   1.0684532e+00   1.0959483e-01   3.1046765e+00   2.5620644e+00   4.7694267e+00   1.7549221e+00   5.3308195e+00   3.6103525e+00  -1.5354425e+00   1.6798140e+00   4.7005938e+00   4.0602119e-01  -3.2475733e+00  -6.0960542e+00
   8.3983239e-01   5.9546355e+00   8.8701764e-01   2.1482231e-01   3.5412559e+00   4.9869473e+00  -3.7168678e+00   4.1284583e+00   1.5901355e+00   8.1255597e+00   2.8693094e-01   8.3750614e-01   9.2086308e+00   1.2753137e+00   2.6169846e+00   4.9009010e+00   8.4263168e-02   3.1151560e+00   1.3126506e+00   3.5272424e+00  -9.2819297e-01   3.0373141e+00   1.0637784e+00   7.8810864e+00   5.4564381e+00   9.5944563e+00  -7.6123369e+00  -3.8646667e+00   5.1434201e+00   1.6664197e+00   6.9328485e+00
   1.9957891e+00  -1.1507132e+01  -3.6978552e+00   1.4255522e+00  -2.5943784e+00   2.4513811e-02  -6.8167570e-01   6.3541352e+00  -1.0215113e+00   9.0491005e-01   7.9669194e+00  -4.7671232e+00   2.9741189e+00   2.4899935e+00   2.3510811e+00   3.2814246e+00   8.6073076e+00  -5.3286582e+00  -1.2061240e+00  -2.7903751e+00  -6.5672940e+00  -5.8095212e+00   6.0566556e+00   3.7577248e+00   5.4214825e+00   1.1022986e+00  -1.0577266e+01   2.0237274e+00  -1.1756082e+01  -1.8300104e+00   8.5588477e+00
  -6.2323234e+00   3.5667893e+00   3.0874192e+00  -5.0400168e+00   1.3933515e+00   1.1278885e+01  -4.6348584e+00   9.5313324e+00   8.2134943e+00   1.0250174e+01   8.9115766e+00  -2.9513382e+00   1.8996787e+00   3.4639164e+00   2.9695875e-02   3.0021689e+00   5.6627950e+00  -3.2805771e+00   4.7600676e+00   3.2835094e+00   7.2618802e+00  -8.2804251e+00  -2.1548863e+00   9.6526680e-01   5.1954566e+00   1.0244038e+00   1.0316451e+01  -5.6548394e-01  -9.7980151e+00   1.5401316e+00  -1.7468679e+00
   9.0712532e+00  -1.2988408e+00   3.8412023e+00   4.1979086e-01   5.4169726e+00  -4.2522334e+00  -4.4971100e+00  -2.3119243e-01  -3.3020985e+00   5.1183853e+00  -5.1876642e+00  -1.0088668e+00   3.4841254e+00   5.0544242e+00   9.7796409e+00   9.3756035e+00   2.9892504e+00   6.8580991e-01   3.9265437e+00   2.2024210e+00   2.9378594e+00  -6.0014505e+00   8.1387281e+00  -8.7285655e-01   1.7486557e+00   9.0152393e-01   3.3958010e+00  -9.1424291e+00   5.4518473e+00  -3.5175758e+00  -6.8571426e-01
  -6.7512396e+00  -1.8201002e+00   5.5079547e+00  -1.2736428e+00   5.4760419e+00  -3.7002458e+00  -2.3390304e+00   8.4962199e+00   5.5651409e+00  -3.7453046e+00   4.4406440e+00   1.0266076e+01   1.3405965e+01   2.6032507e+00  -3.2077574e+00   1.0533784e+01   3.7821903e+00   4.8126516e+00  -2.1429030e+00   5.7218293e+00   1.8953900e+00   1.5939539e+00   1.1212545e+00  -3.7611729e+00  -6.4068535e+00   4.0293372e+00   1.5815762e+00   3.0360883e+00   4.2334636e+00   3.6729758e+00   3.4453867e+00
   3.4156934e+00  -5.5509589e+00   1.4569941e+00  -3.9413340e+00   3.5540278e+00  -8.0637395e+00  -7.6862111e+00  -1.2265418e+00  -3.1149275e-01   2.3248712e+00   5.8847835e-01   6.9844899e+00   1.8344132e+00   6.2569412e+00   5.6657177e+00   8.6441302e+00   4.7386864e+00   4.5207407e+00   6.8944299e-01   4.0780137e+00  -2.1314762e+00  -6.2403582e-02  -3.2281749e+00   8.0776524e-01   1.6027254e-01  -4.7812868e+00   3.2130921e+00   4.4440705e+00  -1.7060437e+00  -5.5193247e+00   1.3849353e-01
   1.0225394e+01   1.1463425e+00  -4.1709658e-01  -2.4492042e+00  -5.6950752e+00   7.7205516e+00   3.8811761e-01  -4.9440310e+00   6.2540071e+00   2.2356528e+00   4.1966883e+00   5.4506691e+00   5.6795114e+00   5.4049612e+00   1.0907245e+00  -2.5595858e-01   5.8466797e+00   3.0742215e+00   3.4192721e-01  -2.9309092e+00   8.8985960e-01  -1.4330108e+00  -8.1643796e+00   5.2350696e+00   1.2372095e+00   7.6367331e+00   7.9934625e+00  -4.0931148e+00  -3.2941630e+00   5.0335069e-01   2.6240118e+00
  -7.0428796e+00  -3.8730712e+00   6.6137611e+00  -1.8966022e+00   5.7007707e+00  -4.0305746e+00   6.5507800e+00   2.2183996e+00  -4.1377645e+00   2.2959273e-01  -2.6661179e+00   1.3320593e-02   2.1888038e+00   3.1553082e+00   9.8529977e-01   6.6663173e+00   1.0598243e+01  -5.9739197e+00   3.2836358e+00   7.4537574e+00  -4.3836180e+00  -1.6970890e+00  -2.8323627e-02  -1.7895124e+00  -5.2852779e+00  -3.2962680e+00   7.0325089e-01   7.2583435e+00   1.2093294e+00  -4.3742638e+00   3.2878860e+00
