   0.0000000e+00   5.0000000e-01   1.0000000e+00   1.5000000e+00   2.0000000e+00   2.5000000e+00   3.0000000e+00   3.5000000e+00   4.0000000e+00   4.5000000e+00   5.0000000e+00   5.5000000e+00   6.0000000e+00   6.5000000e+00   7.0000000e+00   7.5000000e+00   8.0000000e+00   8.5000000e+00   9.0000000e+00   9.5000000e+00   1.0000000e+01   1.0500000e+01   1.1000000e+01   1.1500000e+01   1.2000000e+01   1.2500000e+01   1.3000000e+01   1.3500000e+01   1.4000000e+01   1.4500000e+01   1.5000000e+01
  -1.8338830e+00   6.0469296e+00   4.7892953e+00   3.1859313e+00   5.5157124e+00   6.0654616e+00  -6.7232245e+00  -5.1880250e+00   1.4404270e+01   1.1000072e+01   4.6266923e+00   6.3508430e+00   1.2023116e+00  -1.3289502e+00  -2.5046923e+00  -7.1284438e+00  -1.8895025e+00   1.5609721e+00   7.5692526e+00  -8.2735638e+00   7.1736671e+00  -6.8818277e+00   5.4821397e+00  -3.0182205e+00  -5.2597596e+00   1.1833009e+01   5.4621126e+00  -1.1801776e+00   6.2273597e+00  -9.0211660e-01   3.6673907e+00
  -2.0053477e-01   5.1932507e+00   3.2619272e+00   5.0929463e+00  -2.7288901e-01   1.2583776e+01   3.8767152e-01   1.6982732e+00   3.9019397e+00  -2.3913944e+00  -7.1880839e-02   1.0589936e+00   2.6164496e+00   3.9761905e+00  -3.7495749e+00   1.1847882e+00  -3.9471578e+00  -5.0564214e+00   5.3742969e+00   2.4870973e+00   4.6423378e+00  -1.0669981e+01  -9.8011336e+00  -1.5401846e+00  -3.9563582e-01   1.0383140e+00  -5.9120638e+00   7.2200016e+00  -8.6368399e-01  -6.6268701e-02  -1.0517337e+01
   1.3770457e+00   5.1778922e+00   1.4694742e+00  -8.0555487e-01   2.5920682e+00   2.4575324e+00   4.6345842e+00   4.5173303e+00   1.3433961e+00   8.4286166e-01  -3.1601896e+00   3.3522051e+00   7.5132037e-01   3.9825195e+00   9.2449906e-01  -1.7008201e+00   6.4467045e+00   2.4120660e+00   6.2105274e-01   6.6438829e+00   4.8507935e+00   4.3986807e+00   5.5476685e+00  -2.8868064e-01  -7.3051935e+00  -5.5710055e+00  -1.7188056e+00  -1.8580899e+01  -5.6535299e+00   1.5281624e+00   5.3243741e+00
  -2.1138313e+00  -3.5899405e+00  -1.2633438e+00   4.8453650e-01   4.1778152e+00  -4.6312023e+00  -2.4688995e+00   7.5545129e+00   1.5527946e+00   3.6982927e+00   7.9085961e+00   5.1010363e+00   4.2828174e+00  -6.4175358e+00   1.1176569e+00  -4.1938851e+00   4.9451340e+00  -2.3606893e+00   9.8148364e+00  -7.5732296e-01  -4.3479322e+00  -2.9782338e+00  -3.9384899e+00  -6.5411205e+00  -5.8688559e-01   3.4710081e+00   5.4522210e+00  -1.0491540e+01  -2.4140022e+00   8.4602945e-01   3.1599855e+00
  -1.1881350e+00  -7.7532009e+00  -2.1868424e+00   1.1256361e+01  -2.0324731e+00   2.1219836e+00   1.6043900e+00   1.7694617e+00   1.7784285e+00  -1.3545955e+00   1.9697439e+00   3.1921757e+00  -2.9617288e+00  -7.0663279e-01  -3.2719477e+00   8.0898621e+00  -3.3922363e+00  -2.9741211e+00   1.0199150e+00   2.4145523e+00   4.5887924e+00  -1.0965789e+00  -3.8972040e+00  -8.3829763e+00   1.6610817e+00  -1.9780174e-01  -1.8387387e+00  -7.6352939e+00  -8.5339883e-01   6.1758756e+00  -3.7515384e+00
   2.5720802e+00  -5.4106621e-01  -5.3205698e+00  -1.4984822e+01  -6.8189732e+00  -2.4626763e+00  -3.3048656e+00  -1.8703770e+00   2.5393927e+00   4.1032085e+00  -2.9426571e+00   1.5165416e+00   5.6692042e+00   1.7009371e+00  -8.6079908e-02   3.4486872e+00  -2.8438031e+00  -3.4018851e+00  -1.2210906e+00   2.9398205e+00   4.9567202e-01   1.3997200e+00   2.4928514e+00   3.8996144e+00   4.6674575e+00  -9.6845919e+00   1.9162697e-01  -1.9662203e+00  -4.3097641e+00   7.4298345e+00   6.3777545e+00
   5.3686453e+00   6.7116596e+00  -5.0108075e+00  -1.1350266e+00   4.2823056e+00  -4.8036291e+00  -3.5128560e+00   5.1306099e+00   9.8209491e+00   2.9495207e+00  -9.8929648e+00   5.2012907e-01  -3.2840160e-01  -3.0387052e+00  -1.6900576e+00  -4.7183931e+00  -2.4859014e+00  -2.5634485e-01  -4.3365159e+00  -1.1310594e+01   4.2032144e+00   9.8330369e-01  -2.5798935e+00  -5.6376544e+00   1.4522157e+01  -1.6405004e+00  -4.8691352e+00  -1.2991058e+00  -6.6908165e+00  -4.7609643e+00   1.7668097e+00
  -5.9063161e+00   6.4418641e+00   9.5148624e+00   3.6025307e+00   2.1090354e+00  -1.3173942e+00   4.6615725e+00   5.4345253e+00  -6.5759657e+00  -3.9778409e+00   4.8020979e+00  -8.0761778e+00   1.7567549e-01  -1.9001842e+00   5.6436078e+00   9.9371221e-01   1.3453491e+00  -3.1243561e+00   3.6493010e+00   3.3241560e+00   5.1064485e+00   6.0484268e+00   2.2787702e+00   3.0998206e+00  -3.6476964e+00  -1.8647360e+00   4.1979319e+00   6.9710451e+00  -3.8864378e+00  -2.4021060e-01  -4.0989749e+00
  -4.2845359e+00   6.2750842e+00  -1.8616688e+00   9.9728144e-01   1.9206801e+00  -2.6963615e+00   8.4725248e+00  -9.7733771e+00  -4.8998501e+00   7.6444885e+00  -1.6523053e+00  -3.7110106e-01   3.8497394e+00   4.1303283e+00   9.4056097e+00  -7.2847432e-01   4.6476433e+00  -2.2775883e-03   5.1146281e+00   4.0734009e+00  -8.1384786e+00   8.6551920e+00  -5.5038656e+00  -3.4178728e+00   5.7671339e+00   2.1767976e+00  -2.1025935e+00  -2.8064593e+00  -1.9684843e+00  -1.5521218e+00   4.5833815e-02
   4.6440632e-01  -2.4692630e+00   6.3813553e+00   3.2674238e+00  -4.9196512e+00  -7.4367774e+00  -4.7968796e+00  -2.6718294e+00   1.3102173e+01   1.2775802e+00  -6.3036407e+00  -1.4746424e+00   7.8134002e-01   2.6025141e+00  -4.7804817e+00  -6.8314185e+00   2.8783190e+00   6.8218941e-01  -2.1629923e+00   4.2749549e+00  -3.0215715e+00  -2.4493856e+00   4.1652849e+00  -8.4366487e+00   1.4613634e+00   6.6690969e+00   6.5867077e+00  -1.3425902e+00   5.4924030e-01  -4.4442635e-01   2.6904972e+00
