   0.0000000e+00   5.0000000e-01   1.0000000e+00   1.5000000e+00   2.0000000e+00   2.5000000e+00   3.0000000e+00   3.5000000e+00   4.0000000e+00   4.5000000e+00   5.0000000e+00   5.5000000e+00   6.0000000e+00   6.5000000e+00   7.0000000e+00   7.5000000e+00   8.0000000e+00   8.5000000e+00   9.0000000e+00   9.5000000e+00   1.0000000e+01   1.0500000e+01   1.1000000e+01   1.1500000e+01   1.2000000e+01   1.2500000e+01   1.3000000e+01   1.3500000e+01   1.4000000e+01   1.4500000e+01   1.5000000e+01
  -3.5903922e+00   8.1049256e+00  -5.5003352e+00   2.9788284e+00  -6.1724596e-01  -3.9907185e+00  -9.9122519e+00  -3.8362832e+00   6.5344627e+00   4.0511829e+00   4.6371310e-01  -9.2593366e-01   1.6823093e+00  -1.3865370e+01   2.4367747e+00  -7.1667672e+00   6.0808280e+00   6.9263049e+00  -8.4916748e+00  -8.3740382e-01   8.5791600e-01   6.8670679e+00   4.7282348e+00   1.3924471e+00   1.0518575e+01  -5.2323101e+00   5.0868525e+00  -2.0128930e+00   1.5145618e+00  -9.9270207e-01   3.0772665e+00
   4.4095240e+00  -3.0641465e+00   4.2326973e-01  -2.4997069e+00   4.3943353e+00   3.5212914e+00  -3.9056948e-01  -5.9414113e+00   3.8956601e-01   3.4806789e+00  -1.2952453e+00  -1.5485216e+00   6.0873662e-03   1.0308789e+01  -3.8869241e+00   2.3905593e+00  -2.2172925e+00   5.6387370e-02  -7.0982355e+00  -2.7564087e+00   8.7296102e-01  -1.1916033e+00   8.2232408e+00   2.1656734e-01   2.1157408e+00   8.2587478e+00   1.8905342e+00  -5.2030460e+00  -1.0308837e+01   8.1974992e+00  -5.2943895e+00
  -4.9826169e-01   5.5118627e+00  -6.5326945e-01  -1.3877193e+00   6.2942016e+00   4.9040003e+00  -3.0800363e+00   5.5961425e+00  -1.2670653e+00  -3.6149597e+00   3.3057902e+00   6.1280661e+00   7.5175905e+00   6.7374915e+00   5.7736897e+00   1.0273945e+01   1.4598873e+00   4.2202374e+00   7.8178088e+00   1.4723677e+00   6.0885057e+00  -8.2527607e-01   1.0336033e+01  -4.1891762e+00  -2.8067163e+00   5.6747479e-01   5.0036285e+00   9.3141605e+00  -1.4273447e+00  -1.0872503e+01   2.6014075e+00
   7.7133970e+00  -5.1527305e-01   4.1957658e+00  -4.8497006e+00   2.4779509e+00   3.0083452e+00  -3.5035797e+00   3.4530153e+00  -5.1366428e+00  -7.7073253e+00   1.2366547e+00   6.1103122e+00  -1.9873428e+00  -1.6310546e+00  -6.1995524e+00  -1.6391509e-01  -5.2118068e+00  -2.7894642e+00   4.7945646e+00  -4.8228135e+00   9.5256987e+00   3.4906383e+00   5.9849916e+00  -2.7720265e+00   8.7295415e-01   3.6907973e+00   2.5650639e+00  -2.2541904e+00  -5.0807788e+00  -2.8326453e-01   2.1423630e-01
   2.6280272e-01  -6.6623142e+00   5.2704061e-01  -4.9953291e+00   4.2427934e+00   1.2125030e+00   5.2789398e+00   1.4259116e+00   7.4292669e-01  -6.1273190e+00   1.5989165e+00   1.5330770e+00  -6.1763926e+00   6.2459351e+00  -2.7805917e-01   7.7648682e-01   7.0130939e+00   3.8124009e+00   5.3415936e+00  -6.0326895e+00  -1.6552234e+00  -8.5857905e+00  -7.9492531e+00  -4.2507946e+00  -9.4550354e+00  -6.5219192e+00   4.4004855e+00  -5.4749863e+00   5.7721700e+00   4.1815592e+00  -7.2388736e-01
   1.0251044e+01  -5.1699552e+00  -4.3960797e+00  -1.3961526e+01   3.1128895e+00  -6.5208129e-01  -9.1547324e+00   4.5899544e+00   1.8086776e+00   3.7350077e+00   8.7922242e+00   2.2386534e+00  -3.0547024e+00   2.1049107e+00  -2.5304176e+00   1.7995708e+00  -2.0768082e+00  -5.6847328e+00  -8.2249855e+00   9.2249554e-01   1.2083325e+01  -4.9853680e+00  -2.7113111e+00  -9.4869952e-01   7.5160236e+00  -4.8125335e+00   1.6290144e+00  -1.1765066e+00  -5.2621801e+00   6.5326911e+00   7.3621802e-01
  -6.1497327e+00  -8.2712270e+00  -1.0763971e-01  -9.5112603e-01   4.1203959e+00  -2.5882014e+00  -1.6347537e+00   1.1384747e+00   3.2848175e+00  -1.8720789e-01  -5.4200269e+00   3.1695002e+00  -1.2730808e-01  -3.7212385e-01  -4.1747960e+00   4.1073876e+00  -7.1165837e+00  -2.8497095e+00   1.1462490e+01   3.9161817e+00  -8.4234300e+00   2.0772365e+00  -2.8556281e+00  -6.6204538e-01   9.0404766e-01   2.2467949e-01   1.8324732e+00  -1.0355198e+00  -4.1457798e+00  -4.2071074e+00   7.5242950e-01
   1.9124720e+00   2.2983876e+00  -4.7228710e-01  -5.2609132e+00  -1.2673286e+00  -2.7311779e+00  -2.1869302e+00  -3.9003926e+00   3.5902417e+00   6.1780331e+00   1.0958851e+00  -1.4998218e+00  -4.6621596e+00   4.6681250e+00  -3.6970171e+00  -2.0118839e+00   1.5129912e+00   5.4580836e+00  -4.3138563e+00  -2.3089174e+00  -2.8451854e+00  -6.5875538e+00  -5.3875295e+00  -3.7265067e-01  -4.3617352e+00   3.1727675e+00   1.8919753e+00   4.3695170e-02   1.3103830e+00  -7.5738833e-01  -5.6112170e+00
  -2.4494362e+00  -8.2875374e+00   8.7025226e+00   3.5978591e+00  -1.0541759e+00  -4.6546995e+00  -9.7522416e+00  -7.0141798e+00  -5.8078717e-01  -6.2362429e+00   9.4351384e+00  -1.0908108e+00   2.1935977e-01  -9.3692161e-01  -4.8836029e+00   5.1937525e-01   2.9723852e-01   4.8352798e+00  -1.7182722e+00  -2.3443208e+00  -4.8468956e+00   1.2226437e+00   5.4972213e+00   4.7197907e+00  -9.3510638e+00   3.6392424e+00  -4.6635094e+00   1.1150015e+01  -3.9772752e+00  -9.0133021e+00   2.9498352e+00
   6.1529474e+00  -6.4648574e+00  -5.9803838e+00   3.6094884e+00  -1.8736166e+00  -9.1408225e-01  -2.1993142e+00  -2.4881476e+00  -3.0214675e+00   5.2706385e-02   8.0602667e-01  -3.2975713e+00  -3.0423748e+00   3.6663007e-01  -1.9688384e-01  -4.5490769e-01   6.7194934e+00  -2.8950791e+00  -7.7097900e+00  -1.2032857e+01   4.2323727e+00   4.6956023e+00   3.2503539e+00  -9.3399094e-01   2.3975905e+00  -3.8255771e+00  -9.3112991e-02  -8.5409353e+00  -6.7662685e+00  -5.7828383e+00   3.6399400e+00
