   0.0000000e+00   5.0000000e-01   1.0000000e+00   1.5000000e+00   2.0000000e+00   2.5000000e+00   3.0000000e+00   3.5000000e+00   4.0000000e+00   4.5000000e+00   5.0000000e+00   5.5000000e+00   6.0000000e+00   6.5000000e+00   7.0000000e+00   7.5000000e+00   8.0000000e+00   8.5000000e+00   9.0000000e+00   9.5000000e+00   1.0000000e+01   1.0500000e+01   1.1000000e+01   1.1500000e+01   1.2000000e+01   1.2500000e+01   1.3000000e+01   1.3500000e+01   1.4000000e+01   1.4500000e+01   1.5000000e+01
  -4.8657179e-02  -7.4823770e+00   3.6982774e+00   1.0120620e-01   3.1126631e+00   1.4086593e+00   2.9065420e+00   2.3127010e-01   5.2488617e+00   6.3457691e+00   8.2783392e+00   6.6478290e+00   5.7123137e-01   1.3139324e+01  -2.2766042e+00   6.6094974e+00  -1.8347056e+00   2.5003400e+00  -4.8213879e-02   8.9754015e+00  -2.7678669e+00   4.0831377e+00   1.0159530e+00   6.8861699e+00   1.9251644e+00   8.0252233e+00  -9.3222646e+00   6.6865138e-01  -1.0342046e+01   2.8734880e+00  -3.8164592e+00
  -6.1036081e+00  -2.7527595e+00  -7.2029309e+00   4.0517718e+00  -4.6240340e+00   8.9675960e+00   8.6822178e+00  -3.1771387e+00   7.6109894e-01   4.6464796e+00   8.8008550e+00   1.2085749e+01   1.6596337e+01   7.3786985e+00   1.4043909e+01   1.8311830e+00   6.7732787e+00   1.0467268e+01   7.8833200e+00  -6.6118875e+00   2.3110733e+00  -4.0789601e+00  -2.2329408e+00  -5.8993764e+00   2.6249167e+00  -3.7852167e+00  -3.1457741e+00   2.5123181e+00   9.8171614e+00   5.1146046e+00  -9.0511903e+00
   9.5131557e-01  -1.0706024e+01  -1.4282377e+00   2.3595478e+00  -1.1137120e+01  -1.1533283e+00  -2.1071898e+00   2.0883241e-01   5.3830308e+00   2.2622383e+00   1.2881645e+01   3.6348890e+00   9.9789319e+00   1.2067611e+01   2.6220914e+00  -3.8991776e+00   7.3525278e+00  -2.2061554e+00   5.5159337e+00  -6.1828332e+00   3.7278873e+00   4.5278768e+00   2.7987309e+00  -4.5255070e+00   3.7225229e+00   8.4150617e+00  -9.9954474e+00   5.7827183e+00  -2.5433591e+00  -6.4784897e+00  -1.0328195e+01
  -9.5657396e+00  -6.3146183e-01  -3.8221553e+00   1.2110937e+01  -4.9583465e+00   6.6831322e+00   7.6153309e+00   1.8379776e+00   1.0303939e+01   5.2337329e+00   8.6582358e+00  -1.3078302e+00   1.1897366e+01   6.5131840e+00   4.4233026e+00   7.3927206e+00   3.2846511e+00   1.3321096e+00   3.7995656e+00  -4.0080968e+00  -2.0328380e+00  -1.5942188e+00  -1.1503325e-01   6.3572328e+00  -5.9380355e-01  -3.7101584e-01   2.7302473e+00   1.3547008e+00   6.5550508e+00   8.8991320e-01  -6.2277121e-01
  -2.1505110e+00   1.8412793e+00   1.2804684e+01   1.5464478e+00  -2.0900606e+00   3.9046909e+00   7.8717673e-01  -1.1980706e+00  -4.8061770e+00   2.2409505e+00   1.1479758e+01   7.7360115e+00   5.4366539e+00   7.3456711e-01   3.1489082e+00   5.8989287e+00   1.1333461e+01   1.0359001e+00   2.7409796e+00   1.2734822e+01   4.6713324e+00  -3.6617267e+00  -3.2986585e+00   7.1459329e-01  -5.3508958e-01   5.1223710e+00   5.0653591e+00   1.5760278e-01   1.0990435e+01   9.4271565e-01   3.8406087e+00
  -3.5887126e-01  -2.1712974e+00  -2.4644967e+00  -5.2299197e+00  -3.2363490e+00   5.7801023e+00   2.9575893e+00   4.0119928e+00  -4.9165096e-01   3.4608830e+00   2.3478665e+00   1.9477639e+00   7.1828489e+00   9.3904889e+00   1.5785175e+01   3.0334261e+00   1.3576878e+01   4.4006483e+00   7.8939989e-01  -3.5676750e+00  -1.5283908e+01   7.0087075e-01   1.6284686e+00   6.0585340e+00  -5.8114085e-01  -5.1463905e+00  -4.3501058e-01  -3.7829945e+00  -6.0006317e+00  -1.1230537e+00   1.8896776e+00
  -3.3937322e+00   3.9289200e-01   9.8302750e-01   1.4359040e+00  -3.8855808e+00  -3.5036087e+00   8.7037337e+00   1.2854738e+01   2.7434725e+00   1.1422059e+01   5.9604655e+00   7.1063007e+00   1.6141374e+01   4.8753026e+00   3.2314533e+00   6.3317375e+00   5.8717050e-01  -4.3916323e+00  -7.2205251e+00   8.9783973e+00  -2.3625879e+00   6.0258266e+00   9.4294384e-01   4.9217792e+00   1.4987762e+00  -3.8357722e+00  -3.1380825e+00   4.9521664e+00  -1.9290837e+00   9.2769138e+00  -1.9259917e+00
  -1.6023627e+00  -1.2389330e+00  -9.1026626e-02   2.7910316e+00   1.0158583e-01   3.3316619e+00   3.9533482e+00   6.8559574e+00   1.8251999e+00   9.4650109e+00   1.2733884e+00   1.7078984e+00   3.6363632e+00  -1.8014459e+00   5.8780901e+00   7.6240628e-01   1.0585220e+01   9.8470331e+00  -3.2930229e+00   2.9797427e+00   2.0216723e+00   6.1704531e+00  -4.3088161e+00   3.5636884e+00   2.8912426e+00  -8.9591721e+00   1.0905441e+01  -5.1837434e+00  -4.1915160e+00   5.5278441e+00  -5.6151818e-01
  -6.2109966e+00  -1.0079633e+00   3.3283206e+00  -8.2189331e+00   4.0506138e+00  -3.4228426e+00   1.2844906e+00  -1.4285424e+00  -1.5677546e+00   1.1921862e+00   2.9891172e+00   9.6085953e+00  -2.1936428e-01   5.3540843e+00   6.4606360e+00  -5.9378479e+00   3.5201041e+00  -6.4799244e+00   1.1592444e+01  -5.4183010e+00  -6.5100692e+00  -2.4977087e+00   1.7403308e+00   5.3086607e+00   1.8008171e+00   1.0671821e-01  -2.6516670e+00   9.6482261e+00   5.8287560e+00   3.8611408e+00  -1.6475824e-01
  -2.9708695e+00  -2.1052637e+00  -2.2223537e+00  -8.9175808e+00  -3.2153190e+00  -6.6679707e-01   1.8089766e+00   6.1587340e+00   4.0867653e+00   1.1185625e+01   4.7148112e+00   1.3550550e+01   1.8223738e+00   1.2415800e+01   1.1718135e+01   7.8295406e+00   1.9306812e+00   4.6035932e+00   7.5078424e+00  -8.4084507e-01  -4.0644602e+00  -5.1521049e+00  -2.8644682e+00  -1.7775927e+00   4.4195646e+00  -3.2486284e-01   1.0283677e+00   5.6890306e+00   3.4893777e+00   6.9905895e+00   1.1853089e+01
