   0.0000000e+00   5.0000000e-01   1.0000000e+00   1.5000000e+00   2.0000000e+00   2.5000000e+00   3.0000000e+00   3.5000000e+00   4.0000000e+00   4.5000000e+00   5.0000000e+00   5.5000000e+00   6.0000000e+00   6.5000000e+00   7.0000000e+00   7.5000000e+00   8.0000000e+00   8.5000000e+00   9.0000000e+00   9.5000000e+00   1.0000000e+01   1.0500000e+01   1.1000000e+01   1.1500000e+01   1.2000000e+01   1.2500000e+01   1.3000000e+01   1.3500000e+01   1.4000000e+01   1.4500000e+01   1.5000000e+01
   2.6222050e+00   2.0133338e-01   1.4883134e+00   1.8403570e+00   3.0827527e+00  -3.7454200e+00   1.9388756e+00   1.5146750e+00   2.2653216e+00   3.7562288e+00   2.0853199e+00  -2.5498698e+00   2.6574470e+00   3.2564959e+00  -2.3156262e+00  -2.3688268e+00  -8.7216161e+00  -2.2204261e+00   6.1130948e-03  -4.5216106e+00   5.7997788e+00  -5.0378787e+00   2.1367041e+00  -7.8372077e-01  -3.7480068e+00  -5.8478838e+00   3.2173800e+00   2.6495665e+00   4.1416647e+00  -8.3197959e+00  -5.2130895e+00
  -1.1202675e+01  -1.5349853e+00  -1.1379181e+01  -8.2405204e+00   1.7767650e+00  -6.5786965e+00  -3.7006238e+00  -4.9234851e+00   3.4294551e-01   7.2998987e+00   2.2512750e+00  -4.9563241e+00  -8.4073127e+00   8.2301996e+00  -1.5596056e+00  -3.5378965e+00  -7.1316534e+00  -2.5472226e+00   1.5351093e-01  -3.3023901e-01   6.1782750e+00  -7.3191854e+00   4.8255832e+00  -1.8739630e+00  -2.4317805e+00   6.1224541e+00   2.6639401e+00   7.8234507e+00   3.7938680e+00  -4.9344219e+00  -4.9611126e+00
   6.0228531e+00   1.2858390e+00   8.2737092e+00  -3.3302446e-01   2.2503114e+00  -6.2881344e+00   3.3246260e+00  -1.1246410e+00  -5.5537292e+00  -5.9036378e-01  -1.3148719e+00  -3.2170552e+00  -2.6556058e+00  -6.4535150e+00   9.5721591e-01   2.9353039e+00   4.1706431e+00  -8.1215898e-01  -4.5442199e+00   5.8356544e+00   1.3874381e+00  -1.1093361e+00   1.5706751e+00  -3.9849296e+00  -4.6351663e+00   2.4216693e-01  -1.2677522e+00  -1.0539043e+01   1.6828374e+00  -7.3896002e+00   3.6898091e+00
  -5.4521509e+00  -8.9342749e+00   8.1944364e+00   2.9312617e+00   2.7196191e+00   3.3436908e+00   7.0606420e+00  -5.4980831e+00   8.1779903e+00  -4.6693249e+00   5.7590836e+00   1.6238298e+00  -1.0292076e+01  -6.3998744e-01   6.1109960e+00   5.2787444e+00   5.3704619e+00   1.8235016e+00   2.9062598e-01   3.7888653e+00  -8.3028301e+00  -7.8180979e+00  -2.9064056e+00  -7.1211040e-01  -3.0152433e+00  -3.9833131e-01  -6.7818412e+00  -5.1065953e+00  -9.5310596e+00   7.7174099e-01   2.7617089e+00
  -3.4645760e+00  -9.3208670e+00  -2.3613531e+00   1.1898135e+01  -5.6721202e+00   5.3451710e+00   6.7177873e+00  -1.2127491e+00   1.6347881e+00  -2.8990844e+00  -1.4086691e+00   6.3272440e+00  -2.6680708e+00  -9.1335967e-01  -5.9479706e+00  -9.4320456e+00  -1.6463826e+00  -4.0953328e+00  -7.9959156e-02   4.0114542e+00   2.0544044e+00   5.9713556e-02   3.4448635e+00  -3.4564806e+00   5.7071282e+00   8.8867635e+00   7.5282747e+00   1.1766936e+00   9.0837312e-01  -5.0735268e+00  -5.8362340e-03
  -4.7619011e+00  -2.4948005e+00   8.3881029e-01   2.5506601e+00  -7.0515862e+00   7.0962620e+00  -6.7853457e+00   2.3616317e+00  -3.7565519e+00   3.2143994e-02  -1.4619573e+00   3.8090095e+00  -6.0275868e-01   8.9693620e+00  -3.0769747e-01  -4.3008408e+00   6.3268120e+00  -7.0281386e+00   3.0329268e+00   3.6250741e+00   9.3369054e-01   2.8908541e+00  -7.1026858e+00  -7.2188474e+00  -3.7337648e+00   3.6036789e+00  -1.0475633e+01  -9.8095609e-02   5.6089432e+00   8.4583329e-02   1.9498098e+00
  -5.9354300e+00  -3.6365077e+00   2.0780120e+00  -2.2393038e+00   7.6950370e+00   2.9182571e-01  -3.4048067e+00   7.1042557e+00  -9.9614859e+00   3.8997442e+00  -5.0275957e+00   4.8485108e+00  -2.0312920e-01   6.5100945e+00  -2.3184687e+00   1.4217798e+00   2.8990401e+00  -4.9786164e-01  -2.1200310e+00   3.1575959e+00  -1.6631358e+00   1.9968713e+00   3.0565489e+00   7.4590477e+00   3.4206155e+00  -9.0139386e+00  -1.1552134e+01  -3.4230069e+00   4.6758832e+00  -4.6915167e+00  -7.2280260e+00
  -4.5231618e+00  -5.2536780e+00  -5.6807329e+00   1.1569116e+01  -8.8330037e+00   4.0281717e+00  -3.8128210e+00  -8.3786748e-01   2.1828058e+00  -6.0369515e+00  -8.3729826e+00   4.2381024e-01   2.0422589e+00  -5.3511276e+00  -4.8336867e+00  -6.8741143e+00  -1.7634511e+00  -8.7800793e+00   6.7965796e-01  -6.2461425e+00  -3.6062377e+00   4.2373386e+00  -1.8449725e+00   4.6559681e+00  -1.4142000e+00   6.0942180e+00   1.7057211e+00   9.1998392e-01  -1.9973410e+00  -6.7467844e+00   6.6965490e+00
   5.6276316e-01   2.3456988e+00  -6.3612423e+00   4.5807687e+00   5.8440285e+00  -4.4242752e+00   5.8523171e+00   3.1058982e+00   6.3414979e+00   4.7752551e+00   4.9880933e-02  -5.7530237e-01  -1.9876924e+00  -4.2174499e-01   8.0244436e+00  -7.7596621e+00  -7.6570361e+00  -2.3149058e+00  -2.1392350e+00  -2.8206238e+00  -7.2827906e+00  -4.7345151e+00  -3.0300109e+00   7.8668757e+00   2.8416647e+00  -1.6455040e+00  -1.7843299e+00  -1.3082170e-01  -3.6259605e+00   1.7389605e+00  -2.0569552e+00
   5.1014315e-01  -7.0464142e+00   2.6166079e+00  -6.5775501e+00   4.7418747e+00  -1.4903891e+00   3.2038396e+00   3.2517292e-01  -2.0463390e+00   5.0537498e+00  -1.9741701e+00  -2.6577356e+00  -2.6351710e+00   5.9026191e+00   2.9036272e+00   1.1752130e+00  -3.0976673e+00  -1.5224576e+01  -2.2834630e+00   1.9883404e+00  -8.0538889e+00  -4.9526189e+00  -1.4262557e+00  -4.1096780e+00   1.0678839e+00  -5.1083239e-01  -7.5466891e+00  -1.1961775e+01   1.5093967e+00   7.3163012e-01   6.6781636e-01
