   0.0000000e+00   5.0000000e-01   1.0000000e+00   1.5000000e+00   2.0000000e+00   2.5000000e+00   3.0000000e+00   3.5000000e+00   4.0000000e+00   4.5000000e+00   5.0000000e+00   5.5000000e+00   6.0000000e+00   6.5000000e+00   7.0000000e+00   7.5000000e+00   8.0000000e+00   8.5000000e+00   9.0000000e+00   9.5000000e+00   1.0000000e+01   1.0500000e+01   1.1000000e+01   1.1500000e+01   1.2000000e+01   1.2500000e+01   1.3000000e+01   1.3500000e+01   1.4000000e+01   1.4500000e+01   1.5000000e+01
  -2.1268774e+00   4.3987219e+00   7.1624833e+00   2.5834621e+00  -9.3000176e+00   5.7378525e+00  -2.9802742e+00  -4.4443536e-01   9.3052882e+00   9.3949305e+00   1.3468185e+01   1.0785426e+01   5.6099444e+00   5.8954319e+00   7.9960067e-01   1.5854350e+01   1.2709990e+01  -2.8790768e+00   2.6406767e-01  -3.3380898e+00  -4.1567023e+00  -7.4202130e-01   1.4679777e+00   2.0428347e+00  -1.6701412e+00  -4.4029773e+00   7.1304972e-01   2.3163318e+00  -1.8196066e+00   7.7147848e+00   6.5529415e+00
  -2.8427513e+00  -1.9186029e+00   7.0356050e+00   3.0415097e+00   7.0906900e+00  -1.2791718e+00   5.6761082e+00  -3.6377162e+00   5.8324852e+00   2.8425817e+00   7.1164299e+00   1.5360660e+01   1.3255305e+00   1.2509671e+01   6.2007872e+00   5.6251988e-01  -1.1417745e+00   3.0098377e+00   3.1407317e+00   9.7541656e+00  -1.1645022e+01  -2.6534679e+00  -4.6806315e+00  -4.9741388e+00   2.2214980e+00  -3.0923119e+00  -4.8985811e+00  -4.1753515e+00   5.3827471e+00  -2.6121059e-01  -7.7298656e-01
   2.0376373e+00  -5.1538248e+00   6.6017061e+00   2.8548356e+00  -7.7367962e-01  -5.0736511e+00   2.7987823e+00  -8.3806269e+00   1.5784425e+00   2.9087246e+00   1.5737571e+01   4.6973167e+00   1.2408389e+01   1.0740362e+01   6.5719972e+00  -1.1347030e+00   3.7932125e+00  -6.3559813e+00  -2.7762615e+00  -6.7860678e+00  -5.3056959e+00   4.3325524e-01   6.6045894e+00   5.7194309e+00  -4.6228746e+00   4.7809877e+00   1.1946158e+00  -1.5460444e+00   3.7106197e-01  -6.8936981e+00   2.0674212e+00
   3.3350672e+00   6.7062027e+00  -6.4119425e-01   6.1458918e+00  -2.8500591e+00  -3.2185612e+00   3.1238946e+00   6.6512661e+00   6.6987275e+00   4.8707517e+00   1.3707917e+01   1.3746142e+01   1.3722998e+00   1.2205048e+01   7.3603721e+00  -8.1170912e+00   3.7341734e-01  -3.3436163e+00   1.7052595e+00   3.0150707e+00   5.0680181e-01   2.5245285e+00  -2.7620103e+00   3.9521885e-01  -3.9489663e+00  -2.9572764e+00  -1.2969505e+00   3.7190739e+00   2.5382839e+00   5.2226526e+00  -3.1140889e+00
  -2.6611181e+00   5.7353520e+00  -4.1856184e+00  -7.4305111e-01  -2.2155668e-01   1.3335529e+00  -1.0857370e+00  -2.0412145e+00   2.6266639e+00   6.7770555e+00   5.6721185e+00   1.5163303e+01   8.3376020e+00   8.0809231e+00   9.1819079e+00  -1.4777525e+00  -3.8050237e+00   7.6568437e+00   2.3726355e+00  -2.2344141e+00  -3.8464383e+00  -6.0698511e+00  -6.0155881e+00  -6.0425118e+00   3.4075699e+00   2.6022658e+00   2.8158209e-02  -4.5545561e+00   3.0321266e+00  -6.4591933e-01  -2.0444525e+00
   4.1910235e+00   1.3554331e+00   3.2375157e-02  -8.5065657e-01   1.0912366e+01   5.0614505e+00   2.7718257e+00  -2.6207566e+00  -4.4023972e-02   6.3492669e+00   7.6215175e+00   1.2509957e+01   3.2469268e+00   1.1465775e+01  -4.8917872e+00  -7.0672441e-01   5.1190329e+00  -6.0055990e-01  -2.3691742e+00   5.7198964e-01  -3.2786292e+00  -2.6057387e+00   6.3664239e+00   7.9136157e+00   1.2315868e+00   1.3962554e+01   8.7088184e+00  -2.0479975e+00  -3.7378409e+00   1.0586336e+01  -6.7213907e-01
   1.3832386e+00   7.9064141e-01   5.6150123e+00  -1.1888088e+00  -4.8253107e+00   4.1036976e+00  -2.0326860e+00  -9.6426481e-01   6.7941219e+00   2.5597570e+00   6.2775455e+00   5.9748356e+00   1.2990880e+01   1.0231669e+01   6.7557594e+00  -2.9944534e+00   5.1011006e+00   1.5075363e+00  -6.8949440e+00   5.0300930e+00  -2.7524361e+00  -8.4844001e+00   8.8869217e-01   4.2274018e+00   1.0666925e+00   8.0136628e-01  -3.5878558e+00  -4.2273938e+00   5.9842466e+00   2.7892767e+00   3.1386056e+00
   3.8264458e+00   6.3021312e-01  -1.3324237e-02  -5.2472303e+00   9.0596193e+00  -3.0265217e+00   1.4184149e+01   3.9244843e+00   1.7479819e+01   1.4192909e+01   1.2377094e+01   6.8988724e+00   1.1089699e+01   6.7855442e+00   9.3591642e-01   7.9124940e+00   1.1084624e-01  -8.2690756e-01  -1.2223803e+01   2.9536691e+00  -7.0119593e+00  -2.5475731e-01   5.9789896e+00  -2.9711631e+00  -6.0024873e-01  -3.8158778e+00  -8.6176690e+00  -1.0063848e+00   9.2158004e-01  -7.9656084e-01   7.8520829e+00
   4.0518812e+00   9.5481901e+00  -4.5691742e+00  -7.3782424e+00   3.9980397e+00   5.6500802e+00   3.1386268e+00   1.6086955e+01   3.0348650e+00  -3.2806552e+00   5.0853554e+00   1.0222288e+01   1.0210396e+00   1.6308501e+01  -4.1365042e+00   4.0444366e+00  -3.2836783e-02  -6.3038708e-01  -1.1888347e+00   4.7053143e+00   8.1936368e-01   2.9307128e+00   4.4347190e+00  -6.3882947e+00   1.8020827e+01  -5.2073154e+00   4.1026702e+00  -1.5396724e+00  -3.3729303e+00  -1.2038822e+01  -5.6093947e+00
  -4.5669961e+00   3.2326682e+00   1.7362266e+00   3.8729505e+00   1.4047050e+00   3.8410492e+00  -1.6749252e+00   4.6145323e+00  -2.6527705e+00   9.0941028e+00   7.3343379e+00   1.1706758e+01   6.5402641e+00   1.1779353e+01   1.4681481e+01   6.5457715e+00  -2.7687935e-01   5.6337968e+00   3.8001881e+00  -1.3454459e+01  -3.6829439e+00   2.8847211e+00   3.4339736e+00   6.7303479e+00  -6.3545921e+00  -3.4563914e+00  -5.8255492e-02   4.4475980e+00  -3.0208293e+00   5.2065064e-01   4.3715431e+00
