   0.0000000e+00   5.0000000e-01   1.0000000e+00   1.5000000e+00   2.0000000e+00   2.5000000e+00   3.0000000e+00   3.5000000e+00   4.0000000e+00   4.5000000e+00   5.0000000e+00   5.5000000e+00   6.0000000e+00   6.5000000e+00   7.0000000e+00   7.5000000e+00   8.0000000e+00   8.5000000e+00   9.0000000e+00   9.5000000e+00   1.0000000e+01   1.0500000e+01   1.1000000e+01   1.1500000e+01   1.2000000e+01   1.2500000e+01   1.3000000e+01   1.3500000e+01   1.4000000e+01   1.4500000e+01   1.5000000e+01
   1.9690309e+00  -4.2402651e+00  -1.3798478e+01  -1.3368798e-01   3.6043569e+00  -2.9459440e-01   2.2186927e+00  -2.8593751e+00   7.7019940e+00   2.1544643e+00   9.5832569e+00   3.6721343e+00   1.6657042e+01   9.4575353e+00   6.1940895e+00   1.1845108e+01   1.3343847e+01  -2.5493510e-01  -3.1428258e+00  -3.3874822e+00   6.2389385e+00   5.0242231e+00  -6.5846231e+00  -2.9644645e+00   1.1238719e+00  -9.8796112e-01  -1.6158675e+00   3.2547477e+00   1.4538426e+00  -1.4854241e+00   2.9437574e+00
  -1.1429345e+01   4.4751936e+00   1.9327033e+00   4.9327760e+00   3.6500017e+00   3.5568004e+00   5.5824210e+00   1.2286691e+01   5.3511193e+00   6.2788513e+00   4.3849956e+00  -2.7071356e+00   1.9549554e+00   1.9183327e+00   5.0466126e+00   1.2050051e+01   1.0176540e+01   7.5576248e+00   1.0416035e+01  -4.9554975e+00   4.0561340e-01  -5.4832929e+00  -1.4743093e+00   1.2977372e+00  -5.9453956e-01   8.0888161e+00   8.3867434e+00  -2.6295973e+00  -5.5267093e-01  -5.0450985e-01  -1.6867020e+00
  -5.3359086e+00   5.4992842e+00  -7.0963727e+00  -3.2033476e+00  -2.1570926e+00  -5.2250917e-01  -3.8802296e+00  -3.6880978e-01   1.9528108e+00   4.7460148e+00   2.4216531e-01  -3.4339541e+00   1.2593755e+01   3.8633735e+00   1.3785001e+01   4.7444942e+00   3.3897410e+00  -4.8646172e+00   1.5729818e+00   1.2833121e+00   1.1186672e+00  -2.6668098e+00  -7.6461618e+00  -5.4486291e+00   2.0327811e+00  -1.0482787e+00   5.8974847e+00  -1.1416280e+01   6.0106151e-01   5.6940191e+00  -4.2171265e+00
   2.6075852e+00  -4.1093764e+00   2.0800652e+00   1.3202938e+01   1.1886399e+00   9.8060634e+00  -8.9773184e-01   4.5316213e+00   3.9294731e+00   9.7281461e+00  -4.9227629e+00   6.2795533e+00   5.2824585e+00   5.2963491e+00   3.8511607e+00   1.1348154e+01  -2.6802942e+00  -9.8565415e+00   1.6119514e+00   3.4455653e+00  -4.0111009e+00  -5.6303617e+00   1.4522507e+00   5.3232877e+00  -8.5480516e-01   5.4979930e+00   4.3751817e+00   1.0927871e+00  -1.6755531e+00  -4.1071961e+00   5.0249445e+00
   3.2564777e+00   3.7256732e+00   1.8948887e+00  -3.9769880e+00   2.3139717e+00  -1.1953415e+00   1.6946741e+00   1.0741250e+01  -9.9113089e+00  -1.0742070e+00   9.3098867e+00  -4.2006262e+00   9.6135877e-01  -1.7443018e+00   2.2078760e+00  -1.9483370e+00   4.9907217e+00   7.0216628e+00  -4.3553417e+00   4.9258356e+00  -1.8027267e+00   3.5100584e+00   1.3265086e+00  -3.0042834e+00   1.1341160e+01   6.3769864e+00  -8.3405876e-01   3.6490882e+00  -5.6832626e+00   5.1330890e+00  -1.4877989e+00
  -1.4255696e+00   1.0356291e+01  -5.4426075e+00  -9.5842248e+00   4.9123001e+00   5.0238714e+00   1.2003775e+00  -1.7845472e+00  -1.2486345e+00  -5.6772135e+00   9.5656909e+00   8.6182679e+00   6.1671059e+00  -1.1605759e+00   1.7295364e+01   1.2756476e+01   4.0293916e+00   4.5611956e+00   5.9849869e+00  -6.8568042e-01  -3.8017073e-01  -8.4517909e-01   4.0395268e+00   6.5594506e-01  -2.2379512e+00   4.0849673e+00  -3.0018290e+00   8.7965326e+00  -7.1965594e+00  -8.4000564e+00  -4.2656053e+00
  -7.4479383e+00  -2.5964326e+00   1.5759063e+00   7.3914601e+00  -4.5603160e-01  -7.3958587e+00  -9.1280249e-01  -1.6166406e+00   4.6674586e+00  -9.8368654e-01   2.0252007e+00  -2.0924764e+00   3.8800941e+00  -4.6486539e+00   1.2241929e+01   1.2414772e+01   2.2946141e+00   7.3452138e+00   6.1638530e+00   2.4105546e+00  -2.2146480e+00  -4.0165648e+00  -1.7612913e+00   1.7974863e+00  -8.2875637e+00   9.8257064e+00   4.2366051e-01   1.0719478e+01   1.4513834e+00  -1.0757829e+00   8.8272241e+00
  -7.8517373e+00   2.8618121e+00   4.7365368e+00   3.2163595e+00   1.6074266e+00  -8.6147217e+00   6.5478254e+00  -2.6558105e+00  -8.9085536e-02   3.1118062e+00  -1.7713341e-01  -1.1528910e+00   4.9822516e+00   5.0614716e+00   1.1202814e+00   5.6581742e+00   7.8490871e+00   1.1679858e+01   7.6248693e+00   2.2121834e+00  -2.3359535e+00  -5.0758798e+00  -3.2035100e+00   1.1384945e+00  -1.1146004e+01  -1.8406176e+00  -5.9309839e+00  -1.1900234e+00   2.0811702e+00   2.6997110e+00  -3.9822478e+00
   6.4620313e+00   2.2266898e+00  -3.6648796e+00  -2.2679492e+00  -5.8263197e+00   1.3157382e+01  -3.0936391e+00   7.4429401e+00   6.8735442e+00   3.7512088e+00  -5.7442705e+00   7.6830418e+00   3.7117125e+00  -3.3346996e+00   2.3405440e+00   6.8931282e+00   9.6070512e+00   5.4432355e+00   9.0814163e+00   1.8632435e+00   2.8230069e+00  -2.6187363e+00   4.6598478e+00  -6.3666688e+00  -2.2210228e+00   9.2292418e-01   1.3379081e+01   3.1681789e+00  -1.4777143e+00  -7.8238256e+00  -4.9275903e+00
   8.6248151e+00  -1.1601129e-01   1.1146523e+00  -2.4308470e+00   2.6868489e+00  -2.9015308e+00   6.5137111e+00  -6.4672824e+00  -3.2654673e+00   8.1758755e-01  -3.5458900e+00  -5.8987125e+00   2.4760386e+00   3.2195959e+00   1.0443107e+01   1.7341361e-01  -2.9496227e+00  -8.0303956e-01   9.3810994e-01   5.5173188e+00  -3.1752718e+00  -5.6839325e-03  -2.0687083e+00   4.6014225e+00   1.0050635e+01   3.4445417e-01  -5.2169732e+00   3.3674297e+00   2.5804712e+00   3.4508397e+00  -1.9577470e+00
