   0.0000000e+00   5.0000000e-01   1.0000000e+00   1.5000000e+00   2.0000000e+00   2.5000000e+00   3.0000000e+00   3.5000000e+00   4.0000000e+00   4.5000000e+00   5.0000000e+00   5.5000000e+00   6.0000000e+00   6.5000000e+00   7.0000000e+00   7.5000000e+00   8.0000000e+00   8.5000000e+00   9.0000000e+00   9.5000000e+00   1.0000000e+01   1.0500000e+01   1.1000000e+01   1.1500000e+01   1.2000000e+01   1.2500000e+01   1.3000000e+01   1.3500000e+01   1.4000000e+01   1.4500000e+01   1.5000000e+01
  -3.4586663e-01   1.5164351e+00  -2.0685009e+00  -1.4291107e+01  -1.3307162e+00   6.0037423e+00   7.1675760e+00   1.0055381e+00   8.3509422e+00  -2.2524371e+00  -4.4574224e+00   2.2471343e-01  -4.6375438e+00   4.1696131e+00   3.3618244e+00  -9.3423710e-02   4.9259035e-01  -4.5104704e+00   4.6338129e+00   6.9642543e+00   6.2970533e+00  -5.3668702e+00  -1.2085512e+00   3.7453279e+00   6.9570493e+00   2.3198001e+00  -4.0622265e+00   5.3543918e+00  -5.6226869e+00  -5.0899058e+00   4.3024650e-01
  -2.6827045e+00  -4.7800355e+00  -7.9588694e-01   6.8281696e+00  -5.9973597e-01   4.8776338e-01  -6.4806918e-01   7.7226956e+00  -1.9633417e+00   5.1230587e+00  -6.9981864e-01   1.2027836e+01   4.4616772e+00  -9.8714700e+00   6.0756522e+00  -3.1358746e+00   5.9037194e+00  -4.3992154e+00   3.7655310e+00   7.2194171e+00   2.2512445e+00  -3.0816640e+00   9.3025079e-01  -1.4584943e+00   1.0151591e+00  -2.4678444e+00  -4.5103787e+00   1.8089848e-01   7.9710170e+00   1.3147133e+01   1.1240357e+00
   3.0110904e+00   5.1282510e+00   3.2295906e+00   6.4525894e+00  -8.5875389e-01  -6.3533286e+00   1.4142357e+00  -8.6138015e+00   4.3220578e+00   2.1236911e+00   7.9638799e+00  -8.3273739e+00   5.8743723e+00  -2.8308369e-01  -8.4849373e+00  -7.5563892e+00   1.3913075e+01   2.5434096e+00   6.2457855e+00  -1.5532217e+01   6.5232808e+00   4.3709808e+00  -7.9705504e+00  -4.1320976e+00  -4.4525427e-01  -5.3246937e+00  -2.6961452e+00  -5.6666719e+00   4.2782162e+00  -3.4732326e+00  -6.0597822e-01
  -6.4677242e+00  -2.5456536e+00   1.1255258e+00   3.3758673e+00   2.7623293e+00  -1.1624620e+00  -8.2803517e+00   8.6069420e+00  -6.4143732e+00   2.9786287e+00  -1.9420192e+00   1.0256881e+00   1.7964213e+00   2.6156424e+00   6.7017576e+00   6.8132093e+00   1.3092029e+00   1.3200889e+01  -1.0754110e+00   1.7674544e+00  -5.8180094e+00   3.0369608e+00   2.8187287e+00  -3.4580686e+00   1.8253798e+00   3.9698511e-01   1.9972429e+00   8.5974935e+00   3.4464010e+00   2.5353137e+00   2.6298757e+00
   6.0445476e-01   5.7338571e+00  -4.6133886e+00  -3.9588603e+00   7.1330286e+00  -2.9034388e+00   3.7525543e+00   4.2088065e+00  -1.5511262e+00  -1.9006209e+00   6.2970911e-01  -8.3726720e-01   9.6253848e-02  -8.2711697e+00   3.0645244e+00   3.7324450e-01  -3.2745599e+00  -4.3116239e+00  -2.3597689e+00   2.3040603e+00  -1.1151007e+00  -5.8167094e+00  -6.5966972e-01  -4.9353304e+00  -2.5904070e-01   1.0065067e+01  -8.0668360e-01  -3.7689206e+00   6.1279200e-01   4.7481827e+00   5.2463634e+00
   4.9289866e+00   7.1260203e-01  -3.3689959e+00  -8.8251103e-01   6.4472977e+00   2.2468205e-01  -8.3708048e+00   5.1169073e+00  -6.9467115e+00  -1.7251146e+00   4.3105833e+00   5.4318294e+00  -4.1956503e-01   7.3371610e+00   1.7083583e+00  -1.2190408e-01  -3.1212333e+00  -3.9977783e+00  -5.1856423e+00  -4.5710994e-01   1.4007375e+00   3.6148757e+00  -1.2711992e+01  -4.4250073e+00   1.0575315e+01  -2.4790455e-01   1.7093795e+00   3.3014056e+00   1.7128699e+00  -2.4997461e+00  -1.3135033e+00
  -3.0284841e+00  -5.7227542e+00   5.5540980e+00  -6.0068103e+00  -4.9578660e+00   8.9796289e+00   3.6829604e+00  -3.1054928e+00   3.5518971e-01   2.2664005e+00  -1.1130852e+00  -1.5194469e+00   1.3574412e+00   6.6472295e+00   1.5857912e+00   1.2461071e+01   3.0251680e+00   6.5946746e+00   7.2802670e+00   1.1021874e+01  -3.1501413e+00   3.1157664e+00  -3.7880121e+00  -3.2649290e+00  -5.7292369e+00  -1.1053153e+01  -5.3156494e-01  -2.1400334e+00  -6.7577475e+00   5.1580472e+00  -6.7941381e+00
  -3.2698608e+00  -6.2238605e+00  -4.4192640e+00   4.6430653e-01   9.6478584e+00  -4.2756564e+00   4.4129178e+00   8.8647290e-01   4.2799765e+00  -1.1992703e+00   6.2610425e+00  -2.4122520e+00  -7.2800196e+00   7.4079212e+00   4.0440829e-01   2.9525037e+00   2.7949890e+00   1.8393771e+00   6.8693619e+00  -5.8603531e-01   7.6410754e-01   4.4356080e+00  -9.6625592e+00  -1.2029569e+00  -2.1813342e+00   4.5165409e+00  -4.5730341e+00   3.3837498e+00  -6.6910012e+00  -1.4337831e+00  -1.7978717e+00
  -8.1411079e+00   1.2938245e+00  -5.6353813e+00  -2.8171835e-01   2.8922946e+00  -4.5630583e+00  -8.7800342e-01   3.9930417e+00  -2.0796913e+00  -1.6632451e+00  -1.7686760e+00  -5.0128769e+00   4.2529590e+00  -4.7791908e+00  -7.5800262e+00   3.4399268e-01   7.6005593e+00   2.7474193e+00  -2.3802321e+00  -4.9092091e+00   1.8440972e+00  -3.0438189e+00   2.7157341e+00   4.1286989e+00   5.0090397e+00  -6.1252813e+00   1.8265451e+00  -8.4977161e-01   4.0243714e+00   6.5043719e+00   2.9732403e+00
   3.4694913e+00   1.0141089e+01   3.3433245e+00   3.9098466e+00  -5.7433118e+00  -7.0671360e+00   1.4299870e+00   3.3664219e+00   6.9872413e-01   8.0130202e-01   4.8906741e+00   6.6575624e-01   7.7603672e+00  -3.5174218e+00   8.1521982e-01   1.1122430e+01  -5.1551647e+00   1.9180380e+00   8.9056199e+00  -1.5128465e+00  -1.4857325e+01  -7.8440498e-01  -6.5290265e+00  -6.2163025e+00  -6.5918447e+00  -2.9731970e+00   2.5395600e+00  -7.0319548e+00  -1.0507026e+01   9.3250295e-02   8.2123867e+00
