   0.0000000e+00   5.0000000e-01   1.0000000e+00   1.5000000e+00   2.0000000e+00   2.5000000e+00   3.0000000e+00   3.5000000e+00   4.0000000e+00   4.5000000e+00   5.0000000e+00   5.5000000e+00   6.0000000e+00   6.5000000e+00   7.0000000e+00   7.5000000e+00   8.0000000e+00   8.5000000e+00   9.0000000e+00   9.5000000e+00   1.0000000e+01   1.0500000e+01   1.1000000e+01   1.1500000e+01   1.2000000e+01   1.2500000e+01   1.3000000e+01   1.3500000e+01   1.4000000e+01   1.4500000e+01   1.5000000e+01
   6.3308160e+00  -4.1860555e-01  -2.5268329e+00   1.0293486e+01   4.6970491e+00   6.1502015e+00   1.4340738e+01   3.4812570e+00   1.7845025e+00   3.0690329e+00   5.5092677e+00   8.5926895e+00   2.0453869e+00   1.6406584e+00   2.2560933e+00   3.6455336e+00   2.5173005e+00  -3.6134520e+00   6.4679705e+00  -3.1102507e+00  -3.6207251e+00   5.6450199e+00  -1.0786290e+00   4.8110624e+00   1.5670140e-01   5.0679735e+00  -1.1666342e+01   5.2300009e+00   3.6437114e-01   4.7822717e+00   1.2575717e+01
   5.6338025e+00   5.8953574e-01  -5.3801684e+00  -8.0048492e+00  -7.9359177e+00  -3.3236865e+00   7.4535178e+00   5.7092022e+00   2.2178266e+00   4.9879225e-01  -3.7997616e+00   6.5161885e-01   6.5953838e+00   1.3041382e+01  -3.6421604e+00  -9.4977573e-01   4.7201433e+00  -3.2681206e+00  -2.0593654e+00  -8.4019278e+00   4.9928023e+00   7.4666776e+00   7.4206568e+00  -3.7520620e+00  -1.1957369e+00   9.5711877e+00  -3.9544177e+00   5.2260721e-01   1.5243908e+00   2.5134089e+00   4.5540252e+00
  -4.8114318e+00  -4.0631011e-01   4.2961732e-01  -3.5124179e+00  -3.2578922e-01  -7.4211791e-01   7.9149749e+00   4.1052680e+00  -3.1733384e+00  -3.6520312e+00   1.1945423e+00   3.4526528e+00   2.0287166e+00   2.5437371e+00  -5.2144994e+00   3.5074512e+00   3.5228971e+00  -6.3099635e+00  -3.8455084e+00  -1.8218112e+00  -3.0249905e+00   3.6340309e+00  -7.1142040e+00  -4.1351190e+00  -1.9664103e+00  -6.7180312e+00  -5.1035536e+00  -2.9865218e+00  -9.2264502e+00  -9.7211508e+00  -9.0303129e+00
   8.1320611e+00   2.2407831e+00   7.3221046e-01  -2.5063687e+00   8.4580895e+00   5.0467747e+00  -3.3271315e+00   3.3311439e+00   2.9522504e+00   7.5790535e+00   1.0520910e+01  -1.1548162e+00   1.0025557e+00   8.3020055e-03   3.8448309e+00   2.8587286e-01  -7.8274623e+00   3.7276329e+00   1.9330612e+00   1.5857729e+00  -2.5889271e+00  -4.9564587e+00   2.6967325e+00  -7.3755272e-01   1.7457183e+00   1.3674201e+00  -1.8623920e+00  -2.7941902e+00  -3.1119939e+00  -6.6821015e+00   8.4629795e+00
  -6.9606473e+00   3.3739429e-01  -4.7937604e-02   3.8309436e+00  -8.3227095e+00   5.0666063e+00   3.3474714e+00   5.9299779e+00  -9.6638150e-01   1.1423832e+01   1.7175967e-01  -9.8787604e-02  -2.1603487e+00  -1.5080872e-01   2.8788504e+00  -9.5902401e-01   1.0058529e+01   8.5781322e-01  -8.6992170e+00   5.9832348e+00   7.1284757e+00  -2.1661803e+00   1.1764686e+00  -8.2487582e-01   9.3234559e+00  -8.1068515e+00   1.3156939e-01   2.0652138e+00  -5.8883291e+00  -1.1189403e+00  -4.3717872e+00
  -4.5614431e+00   8.8334809e-01   1.4585880e-01  -1.9503819e+00  -4.7497269e+00  -7.8157763e+00  -4.0696391e+00  -3.4148106e+00   2.8703099e+00   5.1273043e+00  -5.7840008e-01   3.9394187e-01   3.9687199e+00  -5.3167213e+00  -7.3681353e-01   5.0605856e+00  -3.2761250e+00  -8.0803413e-01   5.9748423e+00  -3.3097924e+00  -2.4105258e+00  -1.2575821e+01  -5.9504974e+00  -1.2884560e+01   1.2439173e+00   6.4897301e-03  -5.5494447e+00  -5.3256901e-01  -9.5383539e+00  -4.6511931e-01   6.7866343e-01
   3.0033608e+00   1.1323119e+00  -3.2611590e+00   4.1383461e+00  -8.0570487e+00  -2.5116801e+00   1.1457974e+00   6.3439060e-01   5.8410996e+00   6.2820657e+00   3.5491074e+00  -3.9473054e+00   1.0782231e+00   4.2913423e-01  -1.5354087e+00   2.4608001e+00   3.7855744e+00   1.1415793e+01   2.3982893e+00   5.9148288e+00  -3.8203318e+00   2.1173440e+00   5.5757512e+00   6.0445524e-02   3.1483034e+00  -5.0420861e+00   3.4756350e+00   2.7418011e+00   6.6039283e-02   1.5883931e+00  -5.0256198e+00
   7.9667287e+00   9.2345647e-01  -1.8307039e+00  -3.6784646e+00   5.2953463e+00  -5.0494765e-01   6.8158023e+00   3.9852749e+00  -1.0929325e+01  -3.7570259e+00   4.4029507e+00   1.2184286e+00   2.7013374e+00  -3.0938077e+00  -1.7478262e+00   5.5446126e+00  -3.4829729e+00  -3.8857165e+00  -6.1924113e+00   4.7066727e+00  -7.1794152e+00  -1.5476224e-01  -1.1226159e+01   2.4604715e+00  -2.9475154e+00  -1.9648525e+00  -3.2777114e+00  -4.1741460e+00   7.9205842e-02  -8.6599797e+00   4.5897416e+00
  -2.7842274e-01  -8.1848248e+00   3.9324816e+00  -2.4280020e+00  -6.4850944e+00   3.1819991e+00  -4.2332270e+00   8.2110953e+00  -8.0526549e-01   1.1127716e+01  -8.7626364e-01  -6.6530244e+00   7.3253533e-01  -6.6952482e-01  -1.6285800e+00   1.3555874e+01   2.0850054e+00   4.9332093e+00   3.5740377e+00   2.0687551e+00  -7.2582436e+00   4.0505393e+00   2.8606197e+00   1.6213879e+00   1.3842496e+00   4.0670211e+00   8.6087249e+00   2.0332188e-01   1.3418963e+00   3.6946782e+00   1.8852507e+00
   2.4622349e+00  -4.2765885e+00  -4.8105822e+00   3.8669098e+00   2.0109640e+00  -3.7859055e+00   4.2249596e+00  -4.1376326e-01   1.4110460e+00   1.3086200e+01   3.2831333e+00   5.6038125e+00   7.6494100e+00   1.1174456e+00  -3.5140760e+00   5.2934073e+00   5.4209640e+00   6.9112075e+00  -4.6704628e+00  -4.3129000e+00   3.5547259e+00   5.9595783e-01  -4.7219126e+00   8.9129084e+00   5.1855768e+00   2.3833991e+00  -2.6177473e+00   1.4716133e+00   8.0695388e+00  -7.3742400e-01   7.2932623e+00
