   0.0000000e+00   5.0000000e-01   1.0000000e+00   1.5000000e+00   2.0000000e+00   2.5000000e+00   3.0000000e+00   3.5000000e+00   4.0000000e+00   4.5000000e+00   5.0000000e+00   5.5000000e+00   6.0000000e+00   6.5000000e+00   7.0000000e+00   7.5000000e+00   8.0000000e+00   8.5000000e+00   9.0000000e+00   9.5000000e+00   1.0000000e+01   1.0500000e+01   1.1000000e+01   1.1500000e+01   1.2000000e+01   1.2500000e+01   1.3000000e+01   1.3500000e+01   1.4000000e+01   1.4500000e+01   1.5000000e+01
  -1.1291073e+01  -3.0935285e+00  -1.4069691e+00   7.1041615e+00   7.0315093e+00  -2.0960568e+00   1.4777922e+01  -3.6467688e+00   1.0493621e+01   5.5229558e+00   4.5180100e+00  -1.5152147e+01   4.7285254e+00   4.4949946e+00  -1.9223390e+00   5.7414093e+00   8.0680471e+00   4.3304869e+00   1.0371106e+00   7.0552158e+00  -2.5481595e+00  -2.1376718e+00   6.3279256e+00   7.1554445e+00   4.1122108e+00  -9.3295846e-01  -1.6310617e-01   1.0207988e-01  -2.0474542e+00  -3.1549227e+00   1.6578780e+00
  -8.8578200e+00  -1.1354090e+01  -6.5988345e+00   2.4003439e+00  -5.9856793e-01   6.6710701e+00   2.5972751e+00  -2.1697820e+00   5.2725370e+00  -2.0126914e+00  -9.3372470e+00  -5.8579425e+00   1.6788672e+01  -9.3514894e+00  -4.2994749e+00   3.0324003e+00   8.0861624e-01   8.6626315e+00  -2.3335459e+00   1.8480307e+00  -1.1021668e+01   1.5451587e+00   1.7590838e+00  -3.1406210e+00   4.7944677e+00   6.5573996e+00  -8.0016286e+00  -1.9318242e+00  -9.1608492e+00  -2.0905732e+00  -1.0558345e+00
   2.2668318e+00  -1.4484378e+00   4.1498604e+00   7.2788278e+00  -5.0025504e-01  -7.4872391e+00   2.1603043e+00   4.8573560e-01  -1.4038091e+00  -3.2709672e+00   2.9866719e+00   2.2831399e+00   1.0048755e+01   8.5352055e+00   6.8702212e+00   5.5045727e+00  -6.4749924e-01  -4.3171319e+00   6.9300921e-01  -4.7667486e+00  -9.8087607e+00   1.2539976e+01   2.8673838e+00   4.6655378e+00  -2.3925131e+00   1.8683686e+00  -2.8417152e+00  -4.1234298e+00   8.0670114e+00   2.2791752e+00  -3.3629876e+00
  -2.6309633e+00  -5.6651646e+00  -2.0916643e+00  -3.8073195e+00   8.3990206e+00   2.1572562e-01  -3.2722684e+00   3.9116988e-01  -2.9674192e+00  -1.7383542e+00   5.1975462e+00   7.7155881e+00  -5.9941329e+00  -7.2029623e-01  -6.6996735e-01  -6.0228273e+00  -4.3793256e+00  -3.5113271e-01   4.6221338e+00  -1.9612004e+00   6.3360815e+00  -3.6733413e+00   8.7219926e-01  -2.3544109e+00   5.7876292e+00   3.1392311e-01  -1.1171828e+00  -4.8440111e+00  -1.3939038e+00  -8.4398898e+00   3.7600800e+00
   4.9635403e+00  -4.0654968e+00   7.8314155e+00  -3.0651343e-01   4.0567419e+00   3.8636882e+00   5.0522480e+00  -5.2967921e+00   4.8757825e+00   3.5313440e+00  -9.6209404e+00   2.6263119e+00  -3.4385486e+00   3.9882619e+00  -2.3129642e+00   2.8530106e+00   4.8546504e+00   1.1925220e+01   9.6224901e+00   3.4252099e+00  -2.0925359e+00   3.9047158e+00   5.2377411e+00   4.7746788e+00   5.5994202e-02   1.7712712e-01  -3.7655624e+00   5.2286346e+00   3.2213529e-01   1.7416771e+00  -9.4137094e-01
   7.1696528e+00  -1.4250005e+00   6.0118765e+00  -6.0158596e+00   1.2115587e+01  -3.8773926e-01  -8.0211671e+00   5.8581318e+00   1.0916308e+01  -2.0475574e+00   8.8149257e+00   6.0798552e+00  -2.7791642e+00   4.1247052e+00   6.1901148e+00   7.5083660e+00  -6.9983582e+00   1.0984168e+00   4.3471091e+00   1.6598560e+01   6.3985533e+00  -8.6999424e+00  -1.9248771e+00   5.6386980e+00   3.5163986e+00  -3.5354419e+00   7.3370982e+00  -1.5581658e+00   3.6304266e+00   7.6573182e+00  -3.1150811e+00
  -1.1299033e+00   3.2900955e+00  -2.2254587e+00   5.0382525e+00   4.8169533e+00   2.8685938e+00   1.0748009e+00   5.1184312e+00   2.8726070e+00  -5.4494689e-01  -3.5266830e-01   5.4423356e+00   1.3919513e+00   5.4967632e+00   4.0360408e+00   8.7678811e+00  -2.3917942e+00  -4.8843956e+00  -3.8717883e+00  -1.1586801e+00   7.1696435e+00   5.9651073e+00  -3.3731738e+00   1.0805822e+01   5.7533463e-01  -3.6337070e+00  -2.3777899e+00  -2.3734202e+00  -2.0257893e-01  -5.9023100e+00   3.6214005e+00
   5.3648877e+00  -3.2513417e+00   5.3106721e+00   5.7720195e+00   5.5238572e+00  -9.3143595e+00   3.4234836e+00   4.1558126e+00  -8.8761587e-02  -1.3361210e+00  -1.3296489e+00  -3.9003598e+00  -7.0200629e+00   2.3610661e+00   3.6453247e+00   4.7103197e-01  -1.9792949e+00   2.1809483e+00  -1.1740955e+00  -5.3168586e+00  -9.8526846e-01  -4.1663405e+00  -1.3529204e+00  -1.1138177e+01  -4.2087182e+00  -2.7347211e-01   5.8783126e+00  -4.3482696e+00   4.2993246e+00   7.1207218e-01  -6.4673685e-01
  -2.9406086e+00  -1.8929729e+00  -4.3232678e-01  -5.9185958e+00  -2.0918010e+00   1.1525479e+01   9.7740272e+00  -5.6192488e+00   7.4098709e+00   3.7668875e+00   1.1330294e+01  -1.5502080e+00  -3.1916984e+00  -1.5045932e+00  -5.4166191e-01   4.1019641e+00   3.0219648e+00   2.7104235e+00  -1.8653602e-02  -4.1821432e+00   3.6304726e+00   2.5817067e+00  -1.7276186e+00  -1.5248978e-01   1.7929674e+00  -1.4374834e+00   6.2718351e+00   1.0331017e+01   1.0106391e+01   3.5190164e+00   1.0260346e+01
   5.1050001e+00   2.7833321e+00   1.7597275e-01  -1.2519621e+00  -2.8199544e+00   3.4740276e+00  -7.4426179e+00   8.0670389e-01   9.9703888e-01   8.4383636e+00   3.3592691e+00   8.1585839e+00   1.4939606e+00  -2.9758209e-02  -9.3750007e-01   1.3386067e+01  -2.0633163e-01  -6.7791385e-01  -6.6993675e-02   8.1393779e+00   5.3693251e+00   4.7546801e+00  -4.4824095e-01   1.5701158e+00  -7.3438199e-01  -1.7765470e+00   9.2466661e+00  -1.0702173e+01   9.8296151e-01  -2.4471568e+00  -1.1366071e+01
