   0.0000000e+00   5.0000000e-01   1.0000000e+00   1.5000000e+00   2.0000000e+00   2.5000000e+00   3.0000000e+00   3.5000000e+00   4.0000000e+00   4.5000000e+00   5.0000000e+00   5.5000000e+00   6.0000000e+00   6.5000000e+00   7.0000000e+00   7.5000000e+00   8.0000000e+00   8.5000000e+00   9.0000000e+00   9.5000000e+00   1.0000000e+01   1.0500000e+01   1.1000000e+01   1.1500000e+01   1.2000000e+01   1.2500000e+01   1.3000000e+01   1.3500000e+01   1.4000000e+01   1.4500000e+01   1.5000000e+01
   7.4499041e+00   3.1047728e+00  -2.2960194e+00  -9.7057094e-01  -2.1921226e+00   5.8168325e+00  -5.8829391e-03   6.8498484e+00   8.5116987e+00   8.6532322e+00  -6.8200837e+00  -1.9017380e+00   3.3319073e+00   6.5730774e+00   6.6467052e-01   9.9557464e-01   1.0511609e+01  -4.8179768e+00   6.8616089e+00   4.9610498e+00   1.2644643e+00   7.8888045e+00   1.0192738e+00  -5.9944886e+00   5.0388667e+00   3.4142173e+00   9.7809223e-01   2.2615202e+00  -5.0362611e+00  -4.8120846e+00  -4.0820243e+00
   8.7057452e+00   5.2728891e+00  -1.1546338e+01   3.9473380e+00  -5.5459823e+00   9.7161087e+00  -1.7776242e+00   1.2551489e+01   5.3629677e-01   7.1195072e+00   1.7356153e+00   4.3753992e+00  -3.6291952e-01   7.0036478e-01  -3.4794874e+00   7.9785589e+00  -9.2553800e+00   6.4881876e+00   1.1858045e+00  -4.2029035e-01  -4.4791472e+00   7.2165066e-01   8.9611060e+00  -7.5365686e+00  -4.0060887e+00   2.1886752e-01  -3.6867015e+00   2.7617257e+00  -6.0311392e+00   4.2404832e+00   1.2623859e+01
  -1.3967409e+01   9.4058676e-01  -1.1307502e+00   3.8989278e-01   3.0147502e+00  -1.2386344e+00  -5.3983802e+00   9.4425986e-01   1.2009202e+00  -7.8873021e+00   1.3579042e+01  -5.6387034e+00  -1.6301996e+00   1.6985992e+00   1.3785588e+00  -5.0497049e+00  -9.0781316e+00   5.9765922e-01  -2.6749668e+00   3.9967502e+00  -5.0094843e+00   3.5451803e+00   1.2447932e-01  -1.4119616e+00   5.8466364e+00   1.5415254e+00  -3.0899289e+00  -7.3840519e+00  -3.9350395e+00  -5.4430458e+00   1.6341839e-01
   1.0061477e+01  -4.4039470e+00   1.5978124e+00  -5.5437426e+00  -1.4288386e-01  -8.8255598e+00   3.6950203e+00  -9.2190985e-01   5.8435287e+00   1.6252935e+00   5.1719049e+00  -8.4755693e+00  -1.5866428e+00  -1.0250756e+01  -3.4011378e+00  -6.3668580e+00  -1.0444961e+00   2.5866301e+00   2.9034396e+00   6.2181322e+00   5.7632814e+00  -4.0031051e+00  -1.3827988e+00   2.2139919e+00  -5.1433564e-01   9.9872151e+00   1.0516377e+01   1.0363739e+01   1.0922705e+01  -1.8644925e-01  -1.3695447e+01
  -3.0251289e+00  -3.2911678e+00  -2.0625117e+00   2.2748221e-01   5.6233808e+00   1.0736050e+00   6.1847313e+00   2.4605350e+00   1.1082518e+01   8.2264987e+00   2.1149981e+00  -1.6219090e+00   5.5855712e+00   6.1343199e+00   9.8621599e+00   2.8575670e+00  -1.0628046e+01   9.8912444e-01  -6.5557512e+00  -4.9310669e-01   6.2970518e+00   2.3156985e+00   3.7237756e+00   3.1853127e+00  -1.1080554e+01  -4.5920073e+00  -1.8496212e+00  -4.0078091e+00  -3.5470393e+00   2.5125423e+00  -2.1596854e+00
   2.7773117e+00   8.4035024e-01  -2.8177430e+00  -6.7937169e+00   4.3446022e+00  -3.4301761e-01   1.0518824e+01   2.0654964e+00  -7.5244676e-01  -3.7716890e+00   3.4999457e-01   2.6213921e+00   6.7619077e+00   1.1361041e+01   3.0817963e+00  -6.5739613e+00   6.3345714e+00  -1.8525937e+00   3.9281706e-02  -1.1172028e+00  -7.2129402e-01   6.0483992e+00  -8.0083162e+00   3.2235986e-01  -5.7681374e+00   1.2414586e+01  -6.4117649e+00  -1.9694296e+00   1.1014750e+01   3.6926378e+00  -1.3088517e+00
  -6.9371194e+00  -2.9195760e+00   1.9181440e+00   2.9815310e+00   3.4789283e+00   8.6472300e+00  -3.2181112e+00   7.5133395e+00   3.8936311e+00   1.5584722e+01   2.8552241e+00   7.9203350e+00   5.4833954e+00   1.1525596e+00   1.4210888e-01   7.4056670e+00  -2.8516253e+00   5.2512911e-01  -5.3439408e+00  -8.7710935e+00   3.2773330e+00  -5.7218051e+00  -1.3582661e+00   8.0877001e-01  -1.2482943e+00  -1.3929369e+00   1.3849143e+00  -3.5389270e+00  -6.1909349e-01  -1.2703085e+00   5.7423111e-01
   1.0815510e+01  -6.1512779e+00   2.6387464e-01   1.6325584e+00  -5.7285223e-02   4.7268523e+00   2.3381547e+00   9.1424597e+00   2.5496885e+00   6.6991785e+00   1.7531201e+00   5.1092011e+00  -5.1329639e-01  -3.0730715e+00  -2.4919203e+00   5.2425892e-01  -4.8507637e+00  -1.5080336e+00   4.3042838e+00   7.2469754e+00  -7.3888183e+00   8.4792994e+00   6.3759619e+00  -1.8138708e+00   1.0239156e+01  -1.8531091e+00  -7.0193598e+00  -3.7181102e+00   9.6209144e-02  -7.2561979e-01  -6.7603731e+00
  -3.5367786e+00  -1.3338378e+00   3.4903519e+00  -1.7035926e+00   1.4983365e+00  -6.3858572e+00   6.1744897e+00   3.3732893e+00   1.3017100e+01  -2.0640945e+00   9.4438003e+00   4.5219223e+00   8.2781671e+00   1.2211947e+00   5.2858709e+00  -2.5800924e+00  -4.9600858e+00   1.5940849e+00  -2.1891923e+00  -2.4869812e+00  -4.6113142e-01   2.0160533e+00  -4.4874445e+00  -2.9900867e+00  -6.1299949e+00   1.5513820e-01   2.9918042e+00   3.9769429e+00   5.5273148e+00   7.9702957e+00  -5.2358960e+00
   2.4085121e+00   4.3360010e+00   1.0690612e+01  -8.6830471e+00   5.5219829e+00  -5.8870937e-01  -1.8335987e+00  -7.7100555e+00   3.9823696e+00  -2.8014580e-01   7.2278832e-01   3.3306103e+00   7.1753637e+00   1.0609496e+00  -8.7320998e-01   2.1172185e+00  -2.8373878e+00  -5.0071011e+00  -1.0911675e+00   8.0365175e-01   9.3481848e-01  -2.6236359e+00   3.9374004e+00   2.2224009e-01   4.8142157e+00  -3.6778650e+00  -4.4392276e-01   5.5645096e+00   9.4834575e+00   9.3027908e+00  -2.3004951e+00
