   0.0000000e+00   5.0000000e-01   1.0000000e+00   1.5000000e+00   2.0000000e+00   2.5000000e+00   3.0000000e+00   3.5000000e+00   4.0000000e+00   4.5000000e+00   5.0000000e+00   5.5000000e+00   6.0000000e+00   6.5000000e+00   7.0000000e+00   7.5000000e+00   8.0000000e+00   8.5000000e+00   9.0000000e+00   9.5000000e+00   1.0000000e+01   1.0500000e+01   1.1000000e+01   1.1500000e+01   1.2000000e+01   1.2500000e+01   1.3000000e+01   1.3500000e+01   1.4000000e+01   1.4500000e+01   1.5000000e+01
   6.9556827e+00   8.1321927e-01   3.6878880e+00   3.7625184e+00   7.6594354e-01  -4.5173647e+00   3.7865344e+00  -3.0586627e+00   6.0849626e-01   5.1550099e-01   9.6267188e+00   7.6504881e+00   2.1695575e+01   4.0468193e+00   4.1091720e+00   1.6072870e+01   1.5053853e+01  -1.7901445e-01   1.6644579e+00   3.2476612e+00  -3.8249415e+00  -5.9669427e+00   4.3780095e+00  -1.2762830e+00  -3.8767600e+00   4.7409415e+00   7.1584026e-02  -1.8045578e+00  -4.1620481e+00  -1.5952564e+00  -1.8379820e+00
   6.1499232e+00   3.1486912e-01   3.0858771e+00  -4.0445824e+00   2.3982715e+00   2.1739348e+00  -7.1593552e+00   2.1821736e+00   6.4201749e+00   5.9490591e+00   2.4201687e+00   1.5902940e+01   1.5134066e+01   1.0119365e+01   9.3089771e+00   1.2611662e+01   1.3101184e+01   1.6534772e+01   3.3761586e+00   3.0424014e+00  -3.4067900e+00   8.1653127e-01  -4.7877615e+00  -2.6299923e+00   9.2175867e+00   1.3555851e+00  -1.0676696e+01  -6.7805936e+00   1.4491780e+00  -2.5596008e+00  -8.7451111e+00
   1.1783479e+00  -1.2724383e+00   2.1992183e+00  -2.2836904e+00  -4.2047677e+00   4.9306086e+00   1.2750912e+00  -5.7745535e+00   1.9068091e-02   1.7119830e+00   1.7375403e+01   1.5228940e+01  -3.5583974e+00   1.7803975e+01   1.8165264e+01   1.5054800e+01   5.4350977e+00   4.5052996e+00  -1.9051140e+00   9.7542227e+00   4.3432195e+00   1.0045175e+01   6.5197795e+00   7.5246108e-01   4.5585601e+00  -5.6137856e-01  -4.9184708e+00   2.8932399e+00   8.4599987e+00   2.5152456e+00   4.0795622e-01
   2.6271771e-01   7.5586382e+00  -3.4655958e+00   7.8416364e+00   4.3791447e+00  -4.9006507e+00  -1.2078042e+00  -5.3082294e+00  -3.2462683e+00   5.1486862e+00   1.5906936e+01   1.0786669e+01   1.0835726e+01   1.9947468e+01   1.3621472e+01   4.9674527e+00   1.1070533e+01   8.9734396e+00   6.0594356e+00   3.2380871e+00   2.7318614e+00   2.0181662e+00  -2.4873408e+00   1.2774909e+00  -8.2093359e+00   1.1133343e+01   6.9202817e+00   2.3734834e+00  -5.4979503e+00   5.1874681e+00   7.1435596e-01
   1.1985833e+01  -2.7232225e+00   8.4910109e+00   7.3866866e+00   1.0303571e+00  -2.2062389e+00   1.6760774e+00  -2.8966645e+00  -1.9758299e+00   9.7625899e+00   1.9409749e+01   2.0838113e-01   1.1825112e+01   1.9109258e+01   8.5449691e+00   2.9470726e+00   1.1704360e+01  -2.9003076e+00   3.3135704e+00   9.3480391e+00   3.7137753e+00   3.3521881e+00  -3.2559863e+00  -3.9159697e+00   4.6188928e+00   3.2215237e+00  -1.6099260e+00   3.3322784e+00  -6.8246363e-01   8.5543303e+00   7.7756811e+00
   7.3535574e+00   9.5209537e-01  -1.4393633e+00  -8.6840100e+00   6.6918565e-02  -1.2932274e+00   4.5080255e+00   5.0287207e+00   9.3767268e+00   5.2811058e+00   1.7147399e+00   1.5074916e+01  -2.0297897e+00   1.1933845e+01   3.1238543e+00   2.5648272e+01   1.3380530e+01   1.1331782e+01   7.0709595e+00   5.2146612e+00   1.2729259e+00  -1.5076093e-01  -5.0364301e+00   1.3018145e+01  -3.9941914e+00  -9.9859148e+00  -2.5166194e+00  -2.0420521e+00   1.4463894e+00   1.7567921e+00  -1.6344282e+00
   3.5207980e+00  -1.0942127e+01  -2.7273312e+00   1.7921749e+00  -1.7415663e+00   9.5089372e-01  -7.3260539e+00  -1.2408958e+00   1.9447001e+00   1.1491045e+00   4.5052623e+00   1.0250455e+01   1.0198748e+01   6.6440390e+00   4.7228267e+00   9.1059346e+00   6.4425185e+00  -1.1686090e+00   9.3876188e+00   9.5793134e+00   3.8041102e+00  -3.7116923e+00  -2.7820672e-01  -2.6467098e+00   4.2729517e+00   7.7213399e+00   1.4806493e+00  -3.7143648e+00   6.9795445e-01   9.0599629e-01  -6.0856072e-01
  -2.9706217e+00  -2.6791565e+00  -2.2613216e+00  -5.3581774e+00  -2.6548595e+00   6.6829137e+00   6.1316759e-01   5.5318221e+00  -3.7861547e+00   6.3458685e+00   2.3298104e+00   3.6808946e+00   1.3096789e+01   1.6082394e+01   7.1858247e+00   5.4394819e+00   8.3070822e+00   1.1977630e+01   1.3605622e+01   9.2773528e+00   6.3393077e+00   2.1549841e-01  -4.0009878e+00   1.6637776e+00  -8.6664095e-01  -2.0619709e+00  -1.1609926e+01   6.4910010e+00   8.9837952e-01   3.0799759e+00  -1.5646563e+00
  -7.7931185e+00   2.8782172e+00   3.9292545e+00   1.1407867e+01  -7.4518995e+00   1.0064086e+01   2.6545912e+00   1.9825631e+00   1.2471531e+01   1.1141760e+01   6.1479679e+00   1.5342776e+01   1.1037587e+01   9.6221497e+00   8.0290073e+00   1.9556899e+01   8.0035660e+00   3.3529047e+00  -3.1060749e+00   3.5781156e+00   4.3653002e+00   7.0466584e+00   1.1235634e+01   5.5120078e+00  -2.2027956e+00   2.9370649e+00   4.3147386e+00   6.7954830e+00  -5.9133503e+00  -1.5780510e+01  -6.0457265e-01
   7.9556693e+00  -3.6089842e-01  -3.4853868e+00   3.0256561e+00   6.7406691e+00   2.5832988e+00   8.0769328e+00  -2.3574256e+00   4.3067192e+00  -8.6180302e-01   7.0992083e+00   5.5182446e+00   6.2456043e+00   6.9358914e+00   6.5127459e+00   8.8124340e+00   9.5808685e+00   4.4107728e+00   3.2052969e+00  -6.7325085e+00   5.1539565e+00   1.4512472e+00  -8.2917592e+00  -7.4776684e+00   6.3058105e+00   5.0417636e+00  -1.9712957e+00  -1.1387434e+00  -5.4198722e+00  -4.1279947e+00  -4.1302950e+00
