  -4.7000000e+00
  -8.3000000e+00
  -3.1000000e+00
  -7.0000000e+00
  -5.2000000e+00
  -4.0000000e+00
  -3.0000000e-01
   4.0000000e-01
  -2.5000000e+00
  -2.1000000e+00
  -1.0000000e+00
  -2.2000000e+00
  -2.0000000e+00
  -4.9000000e+00
  -6.2000000e+00
  -5.3000000e+00
  -4.9000000e+00
  -6.8000000e+00
  -6.5000000e+00
  -6.5000000e+00
  -2.1000000e+00
  -4.7000000e+00
  -6.8000000e+00
   2.0000000e-01
  -2.7000000e+00
  -4.3000000e+00
  -1.8000000e+00
  -1.0000000e+00
  -5.6000000e+00
  -3.8000000e+00
   1.7000000e+00
  -2.2000000e+00
  -8.0000000e-01
   2.2000000e+00
  -5.2000000e+00
  -3.0000000e+00
  -4.4000000e+00
  -5.9000000e+00
   3.0000000e-01
  -5.1000000e+00
  -5.3000000e+00
  -7.8000000e+00
  -5.7000000e+00
  -3.6000000e+00
  -3.3000000e+00
  -2.5000000e+00
  -2.3000000e+00
