   1.0000000e+02   0.0000000e+00
   1.0000000e+02   0.0000000e+00
   8.9000000e+01   1.1000000e+01
   1.0000000e+02   0.0000000e+00
   1.0000000e+02   0.0000000e+00
   1.0000000e+02   0.0000000e+00
   1.0000000e+02   0.0000000e+00
   1.0000000e+02  -0.0000000e+00
   1.0000000e+02   0.0000000e+00
   7.8000000e+01   2.2000000e+01
   8.9000000e+01   1.1000000e+01
   1.0000000e+02   0.0000000e+00
   9.6000000e+01   4.0000000e+00
   1.0000000e+02   0.0000000e+00
   1.0000000e+02   0.0000000e+00
   9.8000000e+01   2.0000000e+00
   9.3000000e+01   7.0000000e+00
   1.0000000e+02   0.0000000e+00
   8.4000000e+01   1.6000000e+01
   1.0000000e+02   0.0000000e+00
