   0.0000000e+00  -1.3279870e-01
   1.0000000e-02   3.0493320e-01
   2.0000000e-02   8.7511960e-02
   3.0000000e-02  -3.2099548e-01
   4.0000000e-02   4.3086738e-01
   5.0000000e-02   5.2926269e-01
   6.0000000e-02   9.5199445e-02
   7.0000000e-02   3.9462099e-02
   8.0000000e-02   1.2655874e-01
   9.0000000e-02  -1.5081047e-01
   1.0000000e-01   4.6393117e-01
   1.1000000e-01  -6.1884910e-01
   1.2000000e-01   4.9262796e-01
   1.3000000e-01  -2.5906757e-01
   1.4000000e-01  -2.7389407e-01
   1.5000000e-01   5.3853142e-02
   1.6000000e-01   1.1385276e-01
   1.7000000e-01   1.8299387e-01
   1.8000000e-01   2.0220136e-01
   1.9000000e-01  -4.4738374e-01
   2.0000000e-01   2.3420738e-01
   2.1000000e-01   2.2793149e-01
   2.2000000e-01   2.3528695e-01
   2.3000000e-01   5.9585149e-02
   2.4000000e-01   9.9560999e-02
   2.5000000e-01  -2.8171796e-01
   2.6000000e-01  -3.7065038e-03
   2.7000000e-01   2.6677826e-01
   2.8000000e-01  -4.9809906e-01
   2.9000000e-01  -1.3114294e-01
   3.0000000e-01  -4.4208604e-01
   3.1000000e-01   4.4603872e-01
   3.2000000e-01   1.5222840e-01
   3.3000000e-01   4.3262561e-01
   3.4000000e-01  -1.2393988e-01
   3.5000000e-01   1.8592062e-01
   3.6000000e-01   2.0106510e-01
   3.7000000e-01   3.4304360e-01
   3.8000000e-01   8.2399011e-02
   3.9000000e-01   1.7618017e-01
   4.0000000e-01  -5.4527539e-01
   4.1000000e-01   4.0923613e-01
   4.2000000e-01  -1.6494263e-01
   4.3000000e-01  -2.2715336e-01
   4.4000000e-01  -5.5494619e-01
   4.5000000e-01   3.2799388e-02
   4.6000000e-01   2.6006106e-02
   4.7000000e-01   1.1694088e-01
   4.8000000e-01   2.1354884e-01
   4.9000000e-01  -1.0054452e-01
   5.0000000e-01   3.5799777e-01
   5.1000000e-01  -1.5101703e-01
   5.2000000e-01  -4.0323129e-01
   5.3000000e-01  -1.3744012e-01
   5.4000000e-01  -2.3119126e-01
   5.5000000e-01   5.3117410e-02
   5.6000000e-01   1.4297123e-01
   5.7000000e-01  -3.7601447e-01
   5.8000000e-01   9.8135346e-02
   5.9000000e-01  -1.7071973e-01
   6.0000000e-01   3.0211139e-01
   6.1000000e-01  -2.4372786e-01
   6.2000000e-01  -2.8887924e-02
   6.3000000e-01  -1.6917833e-01
   6.4000000e-01  -8.6154095e-02
   6.5000000e-01   1.7504592e-01
   6.6000000e-01  -2.4550274e-01
   6.7000000e-01  -4.6107208e-01
   6.8000000e-01  -3.2736092e-01
   6.9000000e-01  -4.4922539e-01
   7.0000000e-01   1.5828526e-01
   7.1000000e-01   6.7951922e-02
   7.2000000e-01   2.4556886e-01
   7.3000000e-01  -2.6066873e-01
   7.4000000e-01   1.1525671e-01
   7.5000000e-01  -1.9277054e-01
   7.6000000e-01   2.0285838e-01
   7.7000000e-01   1.8940736e-01
   7.8000000e-01   6.4836227e-02
   7.9000000e-01   6.4055640e-01
   8.0000000e-01  -3.5454684e-01
   8.1000000e-01  -7.1337723e-02
   8.2000000e-01   2.1399341e-03
   8.3000000e-01   6.2466389e-02
   8.4000000e-01   2.4825543e-01
   8.5000000e-01   4.7777443e-01
   8.6000000e-01  -2.2213342e-01
   8.7000000e-01   5.4640689e-02
   8.8000000e-01  -6.7158722e-01
   8.9000000e-01  -5.5002980e-01
   9.0000000e-01   4.4649349e-02
   9.1000000e-01  -7.3132848e-03
   9.2000000e-01  -2.0912289e-01
   9.3000000e-01  -5.2400749e-01
   9.4000000e-01  -1.2676665e-01
   9.5000000e-01   3.6563222e-01
   9.6000000e-01   1.1965992e-01
   9.7000000e-01  -2.7863089e-01
   9.8000000e-01  -1.3659376e-02
   9.9000000e-01   3.6033616e-01
   1.0000000e+00   2.2886063e-01
   1.0100000e+00  -7.6169808e-01
   1.0200000e+00   7.8541226e-02
   1.0300000e+00   2.6421943e-01
   1.0400000e+00  -5.3680520e-02
   1.0500000e+00  -3.8173477e-01
   1.0600000e+00   5.1839974e-02
   1.0700000e+00   1.4668648e-01
   1.0800000e+00  -1.5728971e-01
   1.0900000e+00  -1.0556427e-01
   1.1000000e+00  -3.6005530e-03
   1.1100000e+00   1.4742011e-01
   1.1200000e+00   1.1876947e-01
   1.1300000e+00   2.1250088e-01
   1.1400000e+00  -9.8843333e-02
   1.1500000e+00  -2.8915427e-01
   1.1600000e+00   2.6924028e-01
   1.1700000e+00   2.2176472e-01
   1.1800000e+00  -3.0084183e-01
   1.1900000e+00   1.6262821e-01
   1.2000000e+00   2.1261592e-01
   1.2100000e+00  -2.1782922e-01
   1.2200000e+00   4.6369543e-01
   1.2300000e+00   5.0657076e-02
   1.2400000e+00  -4.6511726e-01
   1.2500000e+00   1.0407520e-01
   1.2600000e+00   3.8212211e-01
   1.2700000e+00  -2.4209387e-01
   1.2800000e+00  -8.3195107e-02
   1.2900000e+00   4.5522783e-01
   1.3000000e+00   2.6183076e-01
   1.3100000e+00  -8.2569717e-02
   1.3200000e+00  -1.3891078e-01
   1.3300000e+00   1.4547677e-01
   1.3400000e+00   1.6061576e-01
   1.3500000e+00   1.0467858e-01
   1.3600000e+00  -2.3739352e-01
   1.3700000e+00   2.6505721e-02
   1.3800000e+00   1.6910939e-01
   1.3900000e+00   4.8811156e-01
   1.4000000e+00   4.5169157e-01
   1.4100000e+00  -4.7772375e-02
   1.4200000e+00  -9.1717714e-02
   1.4300000e+00  -1.0597081e-01
   1.4400000e+00   6.4046294e-01
   1.4500000e+00   3.6450536e-01
   1.4600000e+00   6.0505608e-01
   1.4700000e+00   4.7553450e-02
   1.4800000e+00   2.5468387e-01
   1.4900000e+00  -5.6219189e-01
   1.5000000e+00  -4.2703550e-01
   1.5100000e+00   4.5863333e-02
   1.5200000e+00  -3.0893814e-01
   1.5300000e+00  -5.2348324e-01
   1.5400000e+00  -7.1978544e-02
   1.5500000e+00   3.4288905e-01
   1.5600000e+00  -1.8108765e-01
   1.5700000e+00  -8.4044544e-02
   1.5800000e+00   7.5779244e-01
   1.5900000e+00   5.7458663e-01
   1.6000000e+00  -2.5757345e-01
   1.6100000e+00   4.6436464e-03
   1.6200000e+00  -7.4593266e-01
   1.6300000e+00   1.6905546e-01
   1.6400000e+00   3.1638275e-02
   1.6500000e+00   1.2661195e-01
   1.6600000e+00   4.4831145e-01
   1.6700000e+00   1.9093623e-01
   1.6800000e+00  -4.7003300e-01
   1.6900000e+00  -5.3966341e-01
   1.7000000e+00   6.1516951e-02
   1.7100000e+00  -2.0977215e-01
   1.7200000e+00  -3.1458869e-01
   1.7300000e+00  -7.4898169e-01
   1.7400000e+00  -2.4555792e-01
   1.7500000e+00   2.8411785e-01
   1.7600000e+00  -2.1826098e-01
   1.7700000e+00  -1.8348359e-03
   1.7800000e+00  -2.1280155e-01
   1.7900000e+00   7.5311177e-02
   1.8000000e+00  -4.5502244e-02
   1.8100000e+00   4.0910613e-01
   1.8200000e+00  -3.6025224e-01
   1.8300000e+00   1.2155055e-01
   1.8400000e+00   5.0400321e-02
   1.8500000e+00  -5.8328003e-01
   1.8600000e+00   1.0485284e-01
   1.8700000e+00  -3.5104482e-01
   1.8800000e+00  -4.4797612e-01
   1.8900000e+00  -2.6828148e-02
   1.9000000e+00   3.9188173e-01
   1.9100000e+00   1.6646901e-01
   1.9200000e+00   5.0186165e-01
   1.9300000e+00  -1.3877935e-01
   1.9400000e+00   2.2787886e-03
   1.9500000e+00   1.7026778e-01
   1.9600000e+00   2.9397600e-01
   1.9700000e+00  -2.2692516e-01
   1.9800000e+00  -1.3805151e-01
   1.9900000e+00  -3.4045595e-02
   2.0000000e+00  -2.1866138e-02
   2.0100000e+00   1.0335639e-01
   2.0200000e+00   1.3376781e-01
   2.0300000e+00  -1.2459376e-01
   2.0400000e+00   7.0918139e-02
   2.0500000e+00   2.9110713e-01
   2.0600000e+00  -3.9978575e-01
   2.0700000e+00  -1.7360765e-01
   2.0800000e+00  -7.9056601e-01
   2.0900000e+00   4.2477400e-01
   2.1000000e+00   3.3467290e-01
   2.1100000e+00  -1.6451726e-01
   2.1200000e+00  -1.6337372e-01
   2.1300000e+00   7.2151364e-01
   2.1400000e+00   6.6611632e-02
   2.1500000e+00  -5.3027634e-01
   2.1600000e+00   4.1117624e-01
   2.1700000e+00   1.4209670e-01
   2.1800000e+00   4.1019114e-01
   2.1900000e+00   4.3704368e-01
   2.2000000e+00  -7.8455887e-01
   2.2100000e+00  -8.4442577e-02
   2.2200000e+00   7.9697369e-01
   2.2300000e+00   9.0463469e-03
   2.2400000e+00  -1.8542725e-01
   2.2500000e+00   2.5340464e-02
   2.2600000e+00   4.3560827e-01
   2.2700000e+00  -2.7929118e-02
   2.2800000e+00   5.2325741e-01
   2.2900000e+00  -2.6795226e-01
   2.3000000e+00  -4.3603675e-01
   2.3100000e+00  -2.4633982e-01
   2.3200000e+00  -1.8822315e-01
   2.3300000e+00   6.9266339e-02
   2.3400000e+00   6.4334148e-01
   2.3500000e+00  -4.4171517e-01
   2.3600000e+00  -6.1269458e-01
   2.3700000e+00  -2.6922978e-01
   2.3800000e+00  -5.5242735e-01
   2.3900000e+00   5.6295567e-02
   2.4000000e+00  -3.0792769e-02
   2.4100000e+00  -3.0298410e-01
   2.4200000e+00   1.8903949e-01
   2.4300000e+00  -4.7628584e-01
   2.4400000e+00  -8.4304227e-02
   2.4500000e+00   8.8462937e-02
   2.4600000e+00  -7.2013523e-02
   2.4700000e+00   2.7434523e-02
   2.4800000e+00  -1.4585948e-01
   2.4900000e+00  -1.9595316e-01
   2.5000000e+00  -9.1837429e-02
   2.5100000e+00   5.1822463e-03
   2.5200000e+00  -1.8779162e-01
   2.5300000e+00   2.5285378e-02
   2.5400000e+00   2.8663523e-01
   2.5500000e+00  -7.2665786e-01
   2.5600000e+00  -1.6153489e-01
   2.5700000e+00   2.8590211e-02
   2.5800000e+00  -2.4110817e-02
   2.5900000e+00   6.1996262e-01
   2.6000000e+00   2.9859608e-01
   2.6100000e+00   1.8762123e-01
   2.6200000e+00   2.4423380e-01
   2.6300000e+00  -3.4415787e-01
   2.6400000e+00   2.1943863e-01
   2.6500000e+00  -1.0330527e-01
   2.6600000e+00  -6.5398262e-01
   2.6700000e+00  -7.1764779e-01
   2.6800000e+00   2.4871632e-01
   2.6900000e+00  -2.1658452e-01
   2.7000000e+00  -7.8906283e-03
   2.7100000e+00  -1.1200361e-01
   2.7200000e+00  -3.4672009e-01
   2.7300000e+00  -1.7891189e-01
   2.7400000e+00   1.3871736e-01
   2.7500000e+00  -7.4766853e-01
   2.7600000e+00   1.0199580e-01
   2.7700000e+00  -3.0308662e-01
   2.7800000e+00   3.0341659e-01
   2.7900000e+00  -1.7891313e-02
   2.8000000e+00  -5.0847783e-02
   2.8100000e+00  -3.2402148e-01
   2.8200000e+00  -3.7487635e-01
   2.8300000e+00   3.7657924e-01
   2.8400000e+00  -3.4988090e-01
   2.8500000e+00   3.4300879e-01
   2.8600000e+00   3.5045452e-01
   2.8700000e+00   3.0537601e-02
   2.8800000e+00   1.6875598e-01
   2.8900000e+00  -1.3169163e-01
   2.9000000e+00  -1.7459220e-01
   2.9100000e+00   4.3101916e-01
   2.9200000e+00  -8.7959193e-01
   2.9300000e+00  -1.3657401e-01
   2.9400000e+00  -7.5867013e-02
   2.9500000e+00  -2.6087772e-01
   2.9600000e+00   4.5986018e-01
   2.9700000e+00  -1.5937366e-02
   2.9800000e+00   1.7646317e-01
   2.9900000e+00  -1.5440292e-01
   3.0000000e+00   1.0438329e-01
   3.0100000e+00  -8.1615425e-01
   3.0200000e+00   4.1330717e-01
   3.0300000e+00   2.4210818e-01
   3.0400000e+00  -2.4391297e-01
   3.0500000e+00   3.1616702e-01
   3.0600000e+00   3.3639938e-01
   3.0700000e+00  -4.1891827e-01
   3.0800000e+00   2.2366126e-01
   3.0900000e+00   9.8682218e-02
   3.1000000e+00  -1.7735869e-01
   3.1100000e+00  -2.9827737e-02
   3.1200000e+00   6.1937059e-01
   3.1300000e+00  -6.0488322e-02
   3.1400000e+00  -2.3657951e-01
   3.1500000e+00   2.0160789e-01
   3.1600000e+00   3.4705080e-01
   3.1700000e+00  -1.8849074e-02
   3.1800000e+00  -7.6431862e-02
   3.1900000e+00   3.6014898e-01
   3.2000000e+00   5.6204529e-01
   3.2100000e+00  -7.5884575e-02
   3.2200000e+00   2.4126882e-01
   3.2300000e+00  -6.3091334e-01
   3.2400000e+00  -2.3438311e-01
   3.2500000e+00  -2.1850810e-01
   3.2600000e+00  -4.6195305e-01
   3.2700000e+00   1.3431183e-02
   3.2800000e+00  -2.7978798e-01
   3.2900000e+00  -3.4290496e-01
   3.3000000e+00   3.7010234e-01
   3.3100000e+00   3.0063819e-02
   3.3200000e+00   3.8063267e-01
   3.3300000e+00   1.0134177e-01
   3.3400000e+00   6.1872066e-01
   3.3500000e+00   2.0619893e-01
   3.3600000e+00   2.1728705e-01
   3.3700000e+00   3.1244709e-01
   3.3800000e+00  -2.9103101e-01
   3.3900000e+00  -3.5013903e-01
   3.4000000e+00   3.5864838e-01
   3.4100000e+00   3.0106442e-01
   3.4200000e+00  -2.7210956e-01
   3.4300000e+00  -3.5521206e-02
   3.4400000e+00  -4.7489083e-03
   3.4500000e+00   1.9383341e-01
   3.4600000e+00   1.1427949e-01
   3.4700000e+00  -4.8891526e-01
   3.4800000e+00   3.1765466e-01
   3.4900000e+00   3.2064114e-02
   3.5000000e+00   6.6209526e-02
   3.5100000e+00   1.0185159e-01
   3.5200000e+00   6.8039728e-02
   3.5300000e+00  -9.1025355e-02
   3.5400000e+00  -3.3284972e-01
   3.5500000e+00  -9.8219688e-02
   3.5600000e+00  -1.3909097e-01
   3.5700000e+00   2.7674797e-01
   3.5800000e+00   8.0159706e-01
   3.5900000e+00  -2.3301250e-01
   3.6000000e+00   2.8110436e-01
   3.6100000e+00   1.4372596e-01
   3.6200000e+00   5.1424640e-02
   3.6300000e+00   2.5004200e-01
   3.6400000e+00   1.5740175e-01
   3.6500000e+00   3.8586369e-02
   3.6600000e+00  -4.2972852e-01
   3.6700000e+00  -2.5956290e-01
   3.6800000e+00   4.6233746e-01
   3.6900000e+00   2.6813124e-01
   3.7000000e+00   1.5655166e-01
   3.7100000e+00   4.4108749e-01
   3.7200000e+00   1.4921721e-01
   3.7300000e+00   2.5734885e-02
   3.7400000e+00  -1.0019135e-01
   3.7500000e+00  -1.6978166e-01
   3.7600000e+00  -2.6487456e-02
   3.7700000e+00  -5.0299907e-01
   3.7800000e+00  -9.5395011e-02
   3.7900000e+00   4.5746542e-01
   3.8000000e+00  -5.6875390e-02
   3.8100000e+00   5.8869727e-02
   3.8200000e+00   9.1385344e-02
   3.8300000e+00   7.3313625e-01
   3.8400000e+00  -3.4917648e-01
   3.8500000e+00  -4.5358983e-01
   3.8600000e+00   2.1344581e-01
   3.8700000e+00   2.7363622e-01
   3.8800000e+00  -1.8131997e-01
   3.8900000e+00  -3.0597804e-01
   3.9000000e+00  -6.3089050e-02
   3.9100000e+00  -2.3788890e-01
   3.9200000e+00   1.6574168e-01
   3.9300000e+00   6.7053673e-02
   3.9400000e+00  -1.1105876e+00
   3.9500000e+00   4.1316974e-02
   3.9600000e+00  -3.2850355e-01
   3.9700000e+00  -2.5037565e-01
   3.9800000e+00   7.4236090e-02
   3.9900000e+00  -2.0679041e-01
   4.0000000e+00  -4.4616426e-01
   4.0100000e+00  -6.6077308e-02
   4.0200000e+00  -2.4872758e-01
   4.0300000e+00  -1.4472312e-01
   4.0400000e+00  -5.6001430e-01
   4.0500000e+00   2.9770440e-01
   4.0600000e+00  -7.8005968e-02
   4.0700000e+00   3.8235541e-02
   4.0800000e+00  -4.0151094e-01
   4.0900000e+00  -5.2479235e-02
   4.1000000e+00   4.2780121e-01
   4.1100000e+00  -2.7487488e-02
   4.1200000e+00   3.7479911e-01
   4.1300000e+00   1.8842080e-01
   4.1400000e+00   5.8709601e-02
   4.1500000e+00   5.7369604e-03
   4.1600000e+00  -9.4687935e-02
   4.1700000e+00   3.2655747e-01
   4.1800000e+00   1.8096172e-01
   4.1900000e+00  -4.4274957e-01
   4.2000000e+00   4.6488683e-01
   4.2100000e+00   1.0707932e-02
   4.2200000e+00   2.4322424e-01
   4.2300000e+00   1.7008255e-01
   4.2400000e+00   4.1918082e-01
   4.2500000e+00  -3.1660278e-01
   4.2600000e+00  -6.2660945e-02
   4.2700000e+00  -1.0289186e-01
   4.2800000e+00   4.9130786e-01
   4.2900000e+00   7.7396333e-01
   4.3000000e+00  -1.1973333e-01
   4.3100000e+00   1.4699410e-01
   4.3200000e+00  -4.6651748e-01
   4.3300000e+00  -4.0403029e-02
   4.3400000e+00  -3.1041234e-01
   4.3500000e+00   1.5391730e-01
   4.3600000e+00   6.7373128e-01
   4.3700000e+00  -1.1132114e-02
   4.3800000e+00   1.2919750e-01
   4.3900000e+00   3.3028828e-01
   4.4000000e+00  -3.1510172e-01
   4.4100000e+00  -5.3584898e-01
   4.4200000e+00  -1.1941236e-02
   4.4300000e+00  -2.8784237e-01
   4.4400000e+00   4.4910112e-01
   4.4500000e+00   4.7731876e-01
   4.4600000e+00  -2.2553480e-01
   4.4700000e+00   4.2864462e-01
   4.4800000e+00  -4.3862692e-01
   4.4900000e+00   1.2870034e-01
   4.5000000e+00   1.9635273e-02
   4.5100000e+00  -9.0560863e-03
   4.5200000e+00  -1.8767169e-01
   4.5300000e+00  -3.4407128e-01
   4.5400000e+00  -1.0248064e-01
   4.5500000e+00   1.6876099e-01
   4.5600000e+00   1.0751992e-01
   4.5700000e+00   3.4563077e-01
   4.5800000e+00  -2.1089235e-01
   4.5900000e+00  -3.0894559e-01
   4.6000000e+00   5.8713482e-02
   4.6100000e+00  -1.4798121e-01
   4.6200000e+00   3.1535470e-01
   4.6300000e+00  -4.8347538e-01
   4.6400000e+00  -1.7230939e-01
   4.6500000e+00   3.0845017e-02
   4.6600000e+00  -1.8893063e-01
   4.6700000e+00  -3.2878241e-01
   4.6800000e+00   3.5756141e-01
   4.6900000e+00   2.9730296e-01
   4.7000000e+00   5.6515236e-01
   4.7100000e+00   2.1308021e-01
   4.7200000e+00  -1.8444892e-01
   4.7300000e+00  -9.1857371e-02
   4.7400000e+00   1.1972857e-01
   4.7500000e+00   3.9248149e-01
   4.7600000e+00  -6.3736974e-02
   4.7700000e+00  -5.5944870e-01
   4.7800000e+00  -3.3575382e-01
   4.7900000e+00   2.1537507e-01
   4.8000000e+00   1.5809240e-03
   4.8100000e+00   3.1117195e-01
   4.8200000e+00   1.4287797e-01
   4.8300000e+00  -4.7210321e-01
   4.8400000e+00   4.1764280e-01
   4.8500000e+00  -4.1715713e-01
   4.8600000e+00  -2.7492064e-02
   4.8700000e+00   4.3778974e-02
   4.8800000e+00   1.4031696e-01
   4.8900000e+00   4.8100325e-01
   4.9000000e+00   3.4905809e-01
   4.9100000e+00  -3.2910137e-01
   4.9200000e+00  -3.2009621e-01
   4.9300000e+00   3.4073684e-01
   4.9400000e+00   2.0955409e-01
   4.9500000e+00   6.0053426e-02
   4.9600000e+00  -1.4710141e-02
   4.9700000e+00   1.9759010e-01
   4.9800000e+00  -1.5576389e-01
   4.9900000e+00   7.1665885e-01
   5.0000000e+00  -1.4617159e-02
   5.0100000e+00  -1.0613309e-02
   5.0200000e+00  -1.2384146e-01
   5.0300000e+00   7.7831865e-02
   5.0400000e+00   4.7420952e-02
   5.0500000e+00  -3.0200423e-01
   5.0600000e+00   3.1022680e-01
   5.0700000e+00  -2.2651623e-01
   5.0800000e+00  -2.9501833e-01
   5.0900000e+00   1.5760727e-01
   5.1000000e+00  -1.5685816e-01
   5.1100000e+00  -9.7753424e-02
   5.1200000e+00  -4.8593511e-01
   5.1300000e+00  -2.1260214e-01
   5.1400000e+00   2.0816083e-01
   5.1500000e+00  -7.3957349e-02
   5.1600000e+00  -1.6390614e-02
   5.1700000e+00  -3.3329551e-01
   5.1800000e+00  -5.6185093e-01
   5.1900000e+00  -2.7804621e-01
   5.2000000e+00  -1.7898017e-01
   5.2100000e+00  -1.4617309e-01
   5.2200000e+00   3.5419520e-01
   5.2300000e+00  -1.0076471e-01
   5.2400000e+00   4.3254397e-01
   5.2500000e+00   5.0536766e-01
   5.2600000e+00   4.9521697e-02
   5.2700000e+00  -1.7695387e-01
   5.2800000e+00   3.5825284e-02
   5.2900000e+00  -1.4033345e-01
   5.3000000e+00  -7.5070509e-02
   5.3100000e+00   2.3763645e-01
   5.3200000e+00   2.5956774e-01
   5.3300000e+00  -4.2890162e-01
   5.3400000e+00  -3.7419511e-01
   5.3500000e+00   4.1903798e-01
   5.3600000e+00  -1.6559435e-01
   5.3700000e+00  -1.8472836e-01
   5.3800000e+00   5.0654295e-01
   5.3900000e+00   2.5988709e-01
   5.4000000e+00   4.1310522e-01
   5.4100000e+00  -1.7170023e-01
   5.4200000e+00   5.4446942e-01
   5.4300000e+00  -1.4845692e-01
   5.4400000e+00   3.9649466e-02
   5.4500000e+00  -2.8517563e-01
   5.4600000e+00   5.2307228e-02
   5.4700000e+00  -9.6945846e-02
   5.4800000e+00   1.5479459e-01
   5.4900000e+00  -3.8278753e-01
   5.5000000e+00  -3.8382194e-01
   5.5100000e+00  -3.0853208e-01
   5.5200000e+00  -2.5250247e-01
   5.5300000e+00  -2.8530770e-01
   5.5400000e+00  -1.8591409e-01
   5.5500000e+00  -5.3516383e-01
   5.5600000e+00  -2.9804683e-01
   5.5700000e+00  -6.9409233e-01
   5.5800000e+00  -5.4437509e-01
   5.5900000e+00   1.4183346e-01
   5.6000000e+00  -3.8352786e-01
   5.6100000e+00  -4.4952374e-02
   5.6200000e+00  -2.4648773e-01
   5.6300000e+00   2.6828403e-01
   5.6400000e+00  -7.8276062e-01
   5.6500000e+00   4.4984953e-03
   5.6600000e+00   5.1633731e-01
   5.6700000e+00   3.0158084e-01
   5.6800000e+00   2.2318680e-01
   5.6900000e+00  -1.3648409e-01
   5.7000000e+00   1.1282940e+00
   5.7100000e+00  -3.2461666e-02
   5.7200000e+00   3.4394213e-01
   5.7300000e+00   5.7214224e-01
   5.7400000e+00  -8.8485857e-02
   5.7500000e+00   9.0581427e-03
   5.7600000e+00  -1.1996200e-01
   5.7700000e+00  -3.3761736e-01
   5.7800000e+00   2.4339542e-01
   5.7900000e+00  -2.7290703e-02
   5.8000000e+00  -6.3108057e-01
   5.8100000e+00  -1.5439118e-02
   5.8200000e+00   3.6739671e-01
   5.8300000e+00  -6.5437736e-02
   5.8400000e+00   1.4505203e-01
   5.8500000e+00  -5.6676261e-02
   5.8600000e+00  -6.8016363e-01
   5.8700000e+00  -1.7568387e-01
   5.8800000e+00  -6.8657261e-02
   5.8900000e+00  -5.0436719e-01
   5.9000000e+00  -6.3509203e-01
   5.9100000e+00   2.5054067e-01
   5.9200000e+00   1.2922429e-01
   5.9300000e+00  -2.6092514e-01
   5.9400000e+00  -5.6747477e-01
   5.9500000e+00   3.5903854e-01
   5.9600000e+00   3.1986225e-01
   5.9700000e+00  -1.9901380e-01
   5.9800000e+00  -2.3993721e-02
   5.9900000e+00   1.6025591e-01
   6.0000000e+00  -8.6933225e-02
   6.0100000e+00   5.3276006e-02
   6.0200000e+00   6.2541401e-01
   6.0300000e+00  -1.2342381e-03
   6.0400000e+00   4.2103989e-01
   6.0500000e+00   3.0166137e-01
   6.0600000e+00  -2.4976676e-01
   6.0700000e+00   4.2124148e-01
   6.0800000e+00  -2.0492483e-01
   6.0900000e+00   1.4705466e-01
   6.1000000e+00  -9.9315611e-03
   6.1100000e+00  -1.1881476e-01
   6.1200000e+00   3.7572878e-01
   6.1300000e+00   1.6959676e-01
   6.1400000e+00  -5.2626742e-02
   6.1500000e+00   2.8169085e-01
   6.1600000e+00   2.1306364e-01
   6.1700000e+00   2.4637885e-01
   6.1800000e+00   9.1456310e-04
   6.1900000e+00  -6.1896553e-01
   6.2000000e+00   1.1670206e-01
   6.2100000e+00   3.9125894e-01
   6.2200000e+00  -1.4949552e-01
   6.2300000e+00  -2.0955984e-01
   6.2400000e+00  -3.2472623e-02
   6.2500000e+00   1.7477057e-01
   6.2600000e+00   1.1295573e-01
   6.2700000e+00  -1.3938550e-01
   6.2800000e+00   5.0753773e-01
   6.2900000e+00  -4.4148294e-01
   6.3000000e+00  -4.6354725e-01
   6.3100000e+00   8.2920811e-01
   6.3200000e+00   1.1459756e-01
   6.3300000e+00   3.5035490e-01
   6.3400000e+00  -2.8301754e-01
   6.3500000e+00  -5.0681081e-02
   6.3600000e+00   5.8352216e-01
   6.3700000e+00  -2.5998098e-02
   6.3800000e+00  -1.7402747e-01
   6.3900000e+00   2.0993944e-02
   6.4000000e+00  -7.4091818e-01
   6.4100000e+00   2.9942007e-01
   6.4200000e+00  -1.8967346e-01
   6.4300000e+00  -3.3521370e-01
   6.4400000e+00  -1.6274682e-01
   6.4500000e+00  -1.0816511e-01
   6.4600000e+00  -2.3177464e-01
   6.4700000e+00  -6.6890953e-01
   6.4800000e+00  -2.6845789e-01
   6.4900000e+00  -2.4008404e-02
   6.5000000e+00  -3.2586609e-01
   6.5100000e+00  -1.9242938e-01
   6.5200000e+00  -1.1543096e-01
   6.5300000e+00   4.9949804e-02
   6.5400000e+00   2.4009215e-02
   6.5500000e+00  -2.0453715e-01
   6.5600000e+00  -3.9403161e-01
   6.5700000e+00  -4.1028281e-01
   6.5800000e+00   1.2996542e-01
   6.5900000e+00  -1.5929791e-01
   6.6000000e+00   2.0195970e-01
   6.6100000e+00   1.8022634e-01
   6.6200000e+00   3.1122335e-01
   6.6300000e+00   2.0852477e-01
   6.6400000e+00  -9.7773398e-02
   6.6500000e+00   2.1146701e-02
   6.6600000e+00   9.7501315e-02
   6.6700000e+00  -2.8474666e-02
   6.6800000e+00  -3.3560395e-01
   6.6900000e+00  -1.5688455e-01
   6.7000000e+00   6.0240499e-01
   6.7100000e+00  -1.4421423e-01
   6.7200000e+00  -3.8752080e-01
   6.7300000e+00   4.3407842e-02
   6.7400000e+00  -1.2878984e-01
   6.7500000e+00   5.3355099e-01
   6.7600000e+00   1.9709113e-01
   6.7700000e+00   1.6383510e-01
   6.7800000e+00  -2.1585695e-01
   6.7900000e+00   3.3092364e-01
   6.8000000e+00  -2.6348425e-01
   6.8100000e+00   4.0907961e-01
   6.8200000e+00  -7.3379594e-01
   6.8300000e+00   4.9583690e-01
   6.8400000e+00  -2.3457471e-01
   6.8500000e+00  -6.1539543e-02
   6.8600000e+00  -4.7922784e-02
   6.8700000e+00   1.0395051e-01
   6.8800000e+00   9.7187715e-02
   6.8900000e+00   5.3916765e-01
   6.9000000e+00  -2.7414832e-02
   6.9100000e+00   8.4057416e-02
   6.9200000e+00   1.8720665e-01
   6.9300000e+00   8.7081562e-02
   6.9400000e+00  -8.1485602e-02
   6.9500000e+00   2.0003712e-01
   6.9600000e+00  -3.0811968e-01
   6.9700000e+00  -1.2847635e-01
   6.9800000e+00   1.6887717e-01
   6.9900000e+00   1.0096864e-02
   7.0000000e+00   2.1406182e-01
   7.0100000e+00  -1.6904301e-01
   7.0200000e+00  -2.7400912e-01
   7.0300000e+00   1.1014624e-02
   7.0400000e+00  -6.8723653e-02
   7.0500000e+00  -4.8275514e-01
   7.0600000e+00  -9.3977617e-03
   7.0700000e+00  -2.6190278e-02
   7.0800000e+00  -5.1529666e-01
   7.0900000e+00  -6.9459863e-01
   7.1000000e+00  -1.7529450e-01
   7.1100000e+00   5.4345911e-01
   7.1200000e+00   1.4078901e-01
   7.1300000e+00   6.6685060e-01
   7.1400000e+00  -3.2839123e-01
   7.1500000e+00   2.6633426e-02
   7.1600000e+00  -3.7428878e-01
   7.1700000e+00   5.6787175e-01
   7.1800000e+00  -4.0615433e-01
   7.1900000e+00   5.9282284e-02
   7.2000000e+00   1.6211427e-01
   7.2100000e+00  -3.5144472e-01
   7.2200000e+00   3.8730704e-01
   7.2300000e+00  -2.2099856e-01
   7.2400000e+00  -4.4156239e-01
   7.2500000e+00   4.0212641e-02
   7.2600000e+00  -7.4467074e-02
   7.2700000e+00   1.5020982e-02
   7.2800000e+00  -1.5611427e-01
   7.2900000e+00   3.6458455e-01
   7.3000000e+00   2.5487098e-02
   7.3100000e+00   2.0207821e-01
   7.3200000e+00  -4.8940456e-01
   7.3300000e+00   3.8934990e-01
   7.3400000e+00  -1.8167716e-01
   7.3500000e+00   4.0849681e-01
   7.3600000e+00  -3.6124425e-01
   7.3700000e+00   3.5973403e-02
   7.3800000e+00  -8.2291690e-01
   7.3900000e+00  -2.0957642e-01
   7.4000000e+00   2.6017208e-01
   7.4100000e+00   8.7367275e-02
   7.4200000e+00   3.8573851e-01
   7.4300000e+00   1.5980283e-01
   7.4400000e+00  -4.1411716e-01
   7.4500000e+00   1.4339204e-01
   7.4600000e+00  -1.4041404e-02
   7.4700000e+00   6.0021487e-01
   7.4800000e+00   1.7659049e-01
   7.4900000e+00   3.2849154e-01
   7.5000000e+00   1.6277584e-01
   7.5100000e+00  -1.4769559e-01
   7.5200000e+00   2.3902396e-01
   7.5300000e+00   2.6406040e-01
   7.5400000e+00   3.1108726e-01
   7.5500000e+00  -7.7431411e-02
   7.5600000e+00  -4.7409119e-01
   7.5700000e+00   2.1227151e-01
   7.5800000e+00  -1.7352902e-01
   7.5900000e+00   4.0773100e-01
   7.6000000e+00  -1.6547869e-01
   7.6100000e+00   4.6584125e-01
   7.6200000e+00   5.9659669e-01
   7.6300000e+00  -3.3365724e-01
   7.6400000e+00   1.8854945e-01
   7.6500000e+00   3.2973896e-01
   7.6600000e+00   1.1336995e-01
   7.6700000e+00  -3.0810835e-01
   7.6800000e+00  -4.4544634e-01
   7.6900000e+00   4.0854890e-01
   7.7000000e+00   1.2373042e-01
   7.7100000e+00  -5.2632831e-01
   7.7200000e+00  -3.7485594e-01
   7.7300000e+00   3.4112326e-01
   7.7400000e+00  -2.0685355e-01
   7.7500000e+00   3.2341028e-01
   7.7600000e+00   3.2620155e-01
   7.7700000e+00  -2.6191883e-01
   7.7800000e+00   3.7770194e-01
   7.7900000e+00   2.6510877e-01
   7.8000000e+00  -5.1340705e-01
   7.8100000e+00   1.0809923e-01
   7.8200000e+00   2.7152291e-01
   7.8300000e+00   3.1431440e-01
   7.8400000e+00  -1.4648733e-01
   7.8500000e+00   3.1273166e-01
   7.8600000e+00  -4.3570334e-01
   7.8700000e+00  -3.3549777e-01
   7.8800000e+00   4.4839112e-02
   7.8900000e+00  -5.2800245e-02
   7.9000000e+00  -1.4714450e-01
   7.9100000e+00   3.1375288e-01
   7.9200000e+00   2.6679542e-01
   7.9300000e+00  -2.0435928e-01
   7.9400000e+00  -1.9846084e-01
   7.9500000e+00   4.3448579e-01
   7.9600000e+00   1.7306978e-01
   7.9700000e+00  -1.5912770e-01
   7.9800000e+00  -4.3278619e-01
   7.9900000e+00   7.8255674e-02
   8.0000000e+00  -1.7483499e-01
   8.0100000e+00  -3.6702527e-01
   8.0200000e+00  -3.4773274e-02
   8.0300000e+00  -7.2062962e-04
   8.0400000e+00   3.4951089e-02
   8.0500000e+00  -2.1249957e-01
   8.0600000e+00   3.5371378e-02
   8.0700000e+00   1.7179023e-02
   8.0800000e+00  -2.9725996e-02
   8.0900000e+00   2.9638989e-02
   8.1000000e+00  -1.2027542e-01
   8.1100000e+00   4.4578886e-01
   8.1200000e+00   1.8214370e-01
   8.1300000e+00  -2.6686247e-01
   8.1400000e+00   5.1081924e-01
   8.1500000e+00  -6.1617415e-01
   8.1600000e+00  -1.5827157e-01
   8.1700000e+00   2.6847449e-01
   8.1800000e+00   5.8516485e-01
   8.1900000e+00  -1.9926263e-01
   8.2000000e+00   6.9496613e-01
   8.2100000e+00   5.1697657e-01
   8.2200000e+00   3.1350353e-01
   8.2300000e+00  -5.9852732e-02
   8.2400000e+00   1.7075076e-02
   8.2500000e+00   6.0292451e-01
   8.2600000e+00   4.6301237e-01
   8.2700000e+00   1.0527266e-01
   8.2800000e+00   6.2770844e-02
   8.2900000e+00   5.1962763e-01
   8.3000000e+00   2.1991810e-01
   8.3100000e+00   1.4953633e-02
   8.3200000e+00   6.1958241e-02
   8.3300000e+00   1.8091699e-01
   8.3400000e+00  -1.9577553e-01
   8.3500000e+00  -1.4060031e-01
   8.3600000e+00  -2.5866188e-01
   8.3700000e+00   1.1685269e-01
   8.3800000e+00  -6.0001349e-02
   8.3900000e+00   1.5859494e-01
   8.4000000e+00  -4.0504679e-01
   8.4100000e+00  -2.4344149e-01
   8.4200000e+00   3.2281365e-01
   8.4300000e+00   1.0108752e-01
   8.4400000e+00   4.8773625e-01
   8.4500000e+00   3.5313218e-01
   8.4600000e+00  -2.2202779e-03
   8.4700000e+00   1.7572291e-01
   8.4800000e+00  -2.4714003e-02
   8.4900000e+00  -1.0115615e-01
   8.5000000e+00  -3.1872165e-01
   8.5100000e+00   2.1148463e-01
   8.5200000e+00   2.3844795e-01
   8.5300000e+00  -7.2404737e-02
   8.5400000e+00  -4.6874944e-02
   8.5500000e+00   7.0958873e-02
   8.5600000e+00   2.7513022e-01
   8.5700000e+00  -4.2200750e-01
   8.5800000e+00  -3.7382301e-02
   8.5900000e+00   1.8362449e-01
   8.6000000e+00   1.8803499e-01
   8.6100000e+00   2.6420941e-01
   8.6200000e+00   1.0090353e-01
   8.6300000e+00  -1.0018372e-01
   8.6400000e+00  -1.9066528e-01
   8.6500000e+00   4.4464807e-01
   8.6600000e+00   2.1948301e-01
   8.6700000e+00   3.1509834e-01
   8.6800000e+00   4.6501525e-01
   8.6900000e+00   4.2506985e-02
   8.7000000e+00  -1.0343631e-01
   8.7100000e+00   8.0335291e-02
   8.7200000e+00   2.0982056e-01
   8.7300000e+00  -5.8896194e-01
   8.7400000e+00   2.8906783e-01
   8.7500000e+00  -5.6242802e-01
   8.7600000e+00  -3.6841437e-02
   8.7700000e+00  -7.6175281e-02
   8.7800000e+00  -6.4931209e-01
   8.7900000e+00  -1.5183111e-01
   8.8000000e+00   1.6616225e-01
   8.8100000e+00   2.7824094e-01
   8.8200000e+00  -3.2189498e-01
   8.8300000e+00  -4.3596195e-01
   8.8400000e+00   4.5277085e-01
   8.8500000e+00   2.7930524e-02
   8.8600000e+00  -2.0802645e-01
   8.8700000e+00  -1.0498367e-01
   8.8800000e+00  -2.0772287e-01
   8.8900000e+00   9.3968614e-02
   8.9000000e+00   2.2221477e-01
   8.9100000e+00  -5.5050385e-01
   8.9200000e+00  -6.5412208e-01
   8.9300000e+00  -1.4934996e-02
   8.9400000e+00  -1.3082695e-01
   8.9500000e+00   4.6801752e-01
   8.9600000e+00  -7.4099778e-02
   8.9700000e+00  -9.4963305e-02
   8.9800000e+00  -3.4874670e-01
   8.9900000e+00   4.8852889e-01
   9.0000000e+00   3.7096704e-01
   9.0100000e+00  -1.1085187e-01
   9.0200000e+00  -1.2316083e-01
   9.0300000e+00   2.4438778e-01
   9.0400000e+00  -3.9815100e-01
   9.0500000e+00  -1.4941225e-01
   9.0600000e+00  -1.8391258e-01
   9.0700000e+00  -3.9597725e-02
   9.0800000e+00   8.3848441e-01
   9.0900000e+00  -4.2260264e-01
   9.1000000e+00  -5.0270579e-01
   9.1100000e+00   5.4514912e-01
   9.1200000e+00  -1.8198778e-02
   9.1300000e+00   2.0890046e-01
   9.1400000e+00  -3.6193550e-01
   9.1500000e+00  -2.4677820e-01
   9.1600000e+00   5.4991837e-02
   9.1700000e+00  -1.4895237e-01
   9.1800000e+00   5.1683294e-01
   9.1900000e+00   1.8246456e-01
   9.2000000e+00  -1.5222301e-01
   9.2100000e+00  -2.2451733e-01
   9.2200000e+00  -1.2972241e-01
   9.2300000e+00   2.3632862e-01
   9.2400000e+00   2.0003200e-01
   9.2500000e+00   2.6780605e-01
   9.2600000e+00  -3.8006257e-01
   9.2700000e+00  -1.2514580e-01
   9.2800000e+00   3.7771116e-01
   9.2900000e+00  -4.9524615e-01
   9.3000000e+00   1.5288617e-01
   9.3100000e+00  -3.4172279e-01
   9.3200000e+00   2.8144187e-01
   9.3300000e+00  -1.0764300e-01
   9.3400000e+00   5.8971577e-01
   9.3500000e+00  -6.5293536e-02
   9.3600000e+00   2.2277663e-01
   9.3700000e+00  -3.7509682e-01
   9.3800000e+00  -1.3354250e-01
   9.3900000e+00   1.1655995e-01
   9.4000000e+00  -8.5286723e-01
   9.4100000e+00   6.9183481e-03
   9.4200000e+00  -2.4210898e-01
   9.4300000e+00  -1.4896347e-01
   9.4400000e+00   6.6867156e-02
   9.4500000e+00   6.1735161e-01
   9.4600000e+00  -4.0020712e-01
   9.4700000e+00  -1.0945034e-01
   9.4800000e+00  -1.8829137e-01
   9.4900000e+00  -1.5117059e-01
   9.5000000e+00   1.0981126e-01
   9.5100000e+00   2.5640417e-01
   9.5200000e+00   2.7496868e-02
   9.5300000e+00  -3.3349793e-01
   9.5400000e+00  -2.4633399e-01
   9.5500000e+00   2.6663681e-01
   9.5600000e+00  -3.7203993e-02
   9.5700000e+00   1.1614338e-01
   9.5800000e+00   3.2062924e-01
   9.5900000e+00   2.3284515e-01
   9.6000000e+00  -5.0770735e-01
   9.6100000e+00   2.8301808e-01
   9.6200000e+00  -1.7378690e-01
   9.6300000e+00   1.9663337e-01
   9.6400000e+00  -2.0601165e-01
   9.6500000e+00   1.0845070e-01
   9.6600000e+00  -4.2976876e-01
   9.6700000e+00   5.1453066e-01
   9.6800000e+00  -4.8973776e-01
   9.6900000e+00  -4.9113634e-01
   9.7000000e+00  -3.5181845e-01
   9.7100000e+00  -1.6349807e-02
   9.7200000e+00   2.8884196e-01
   9.7300000e+00  -4.4414390e-04
   9.7400000e+00   8.7806569e-02
   9.7500000e+00  -3.2723796e-01
   9.7600000e+00  -1.1761471e-01
   9.7700000e+00   1.6707530e-01
   9.7800000e+00   7.5097324e-01
   9.7900000e+00  -1.9250758e-01
   9.8000000e+00  -5.2926226e-01
   9.8100000e+00  -3.8073334e-01
   9.8200000e+00   1.6590444e-01
   9.8300000e+00   3.5081363e-01
   9.8400000e+00   4.3797529e-01
   9.8500000e+00   3.7025323e-01
   9.8600000e+00   1.0226868e-01
   9.8700000e+00   4.0864612e-01
   9.8800000e+00   2.4065209e-01
   9.8900000e+00   1.3220053e-01
   9.9000000e+00   3.2262804e-01
   9.9100000e+00  -3.1588939e-01
   9.9200000e+00  -2.6315178e-01
   9.9300000e+00   8.5071959e-03
   9.9400000e+00  -1.4547962e-01
   9.9500000e+00  -2.3751238e-01
   9.9600000e+00   3.8191340e-01
   9.9700000e+00  -1.3592500e-01
   9.9800000e+00   2.4383567e-01
   9.9900000e+00  -5.8326766e-01
   1.0000000e+01   2.8181710e-01
