   0.0000000e+00   5.0000000e-01   1.0000000e+00   1.5000000e+00   2.0000000e+00   2.5000000e+00   3.0000000e+00   3.5000000e+00   4.0000000e+00   4.5000000e+00   5.0000000e+00   5.5000000e+00   6.0000000e+00   6.5000000e+00   7.0000000e+00   7.5000000e+00   8.0000000e+00   8.5000000e+00   9.0000000e+00   9.5000000e+00   1.0000000e+01   1.0500000e+01   1.1000000e+01   1.1500000e+01   1.2000000e+01   1.2500000e+01   1.3000000e+01   1.3500000e+01   1.4000000e+01   1.4500000e+01   1.5000000e+01
  -3.8053276e+00   1.0711940e+00  -2.6358545e+00   3.1745181e+00  -4.7144164e+00  -3.5538697e+00  -1.1888728e+00  -1.6041932e+00   3.0635411e+00   3.6139445e+00  -6.0437018e+00  -2.8108343e+00  -5.8361042e+00  -2.6512770e+00   1.0118147e+01   6.2949114e+00   1.5597430e+00  -2.9361888e+00  -7.7082271e-01  -9.7266016e+00   4.8404193e+00  -2.9927959e+00  -5.1321005e+00   5.3546521e+00   5.0888268e+00   4.4312813e+00   1.7257474e+00  -8.7848039e-01   3.0738654e+00  -7.4897395e+00   2.9771310e-01
   6.5593442e+00  -4.2266559e+00  -3.3063242e+00  -5.3748646e+00  -8.3246345e+00  -7.5251814e+00   2.7799714e+00   3.4272062e+00   1.4392483e-02   4.6796667e+00  -1.8570221e+00  -4.0181256e+00   8.4968222e-01  -3.4963198e+00   7.1191264e+00  -6.2599414e+00   4.0096926e+00  -2.9121682e+00   7.2032590e+00   3.8052743e+00  -2.5050285e+00   3.1175710e+00   1.1019004e+00   1.9000704e+00   6.7372583e-01   7.0073489e+00  -4.3182921e+00  -2.5949998e+00   8.7831359e+00  -7.9725862e+00   1.5518858e-01
  -7.6864119e-01  -4.1730849e+00   3.7643478e+00   4.4558762e+00  -6.3223866e+00   2.6249178e+00   2.9929125e-01  -2.0723581e+00   1.0165739e+01  -6.0709015e+00  -7.8796046e+00  -8.2032199e+00  -6.8097604e+00   8.8981507e+00  -2.7875997e+00  -2.2621745e+00   5.6906778e+00  -5.3901006e+00   9.8327210e-01   2.8291090e+00   5.3907022e+00   7.3626176e+00  -4.5362269e+00   3.9894239e-01   8.7789333e+00  -1.1076505e+00  -4.1064581e+00  -6.7971429e+00   1.3915797e+00   4.5715560e+00  -6.5257649e+00
  -9.9356377e-01  -9.8170599e+00   9.6052831e+00  -1.8760136e+00  -6.5778260e-01   2.9186837e+00  -4.4829553e+00   3.8942753e+00   1.2519920e+01  -2.4064396e+00   3.5217024e+00   4.0919006e-01   2.2269937e-01   8.7738365e-01  -1.0081956e+00   1.0721854e+00  -7.4140035e+00  -2.5953909e+00  -7.8003697e+00  -2.9197311e+00   1.5766068e+01  -9.4342067e+00   5.1485354e+00  -5.2110847e+00  -3.6831110e+00  -7.4229582e+00   3.7386960e+00  -4.3008887e-01  -7.6565946e-01   6.0696980e+00   6.8615351e+00
  -2.6777177e+00   7.2737199e+00   5.0924128e+00   6.5775250e+00  -5.7341252e+00  -1.2435295e-01   4.1782508e+00  -5.8297242e-01  -1.3523418e+00   5.3089538e+00  -2.3871295e+00   6.4000301e+00   8.9398297e-02  -3.9778981e+00   9.1019913e-01  -7.4366364e+00   3.2296372e+00   8.7446095e+00   2.9234539e+00   7.2040952e+00   1.7531347e+00   1.9758066e+00   5.6725322e+00  -7.0261326e-02  -6.9566654e+00  -7.2894467e-01  -5.8695523e-01   1.5480282e+00   3.3994617e+00  -2.5841095e+00   4.4638525e+00
  -1.0253625e+00  -2.6057993e+00  -4.9594865e+00  -4.9609262e+00   4.1720953e+00  -1.7549275e+00  -2.6841432e-01  -7.2860636e-01  -1.4937623e-02   8.5654534e-01  -1.2638041e+00   5.3601163e+00  -3.2042740e-01  -8.9608456e-01  -4.2550776e+00   5.8511783e+00   1.9214570e+00   6.3574067e+00  -9.5403609e+00  -1.8533338e-02   1.4093806e+01  -2.8946288e+00   4.3098557e+00  -8.0894400e-01   1.8765042e+00  -9.3192917e+00   1.6085212e+00  -1.8182996e+00  -9.4354815e+00  -2.0088091e+00  -9.5102031e-01
   3.7601706e+00  -1.0440042e+00  -8.9588214e-02   2.9447322e+00   5.1844440e+00  -1.0903124e+01   2.5417513e+00  -1.4020221e+00   6.5295475e+00   4.5383561e+00   8.3835384e-01  -1.0406912e+01   4.3373017e+00  -7.0263048e-02  -3.3018826e+00   2.9007517e+00  -2.4329997e+00   1.2440015e+00   3.5334855e+00  -5.7751913e+00   6.4244149e-03  -1.9741835e+00  -3.6921195e+00   7.0821585e+00  -7.5873993e-01   2.8404376e+00   4.5337497e+00  -7.0708172e+00  -6.2059773e+00   7.2714639e+00   1.0446569e+00
  -3.5634249e+00  -3.7871132e-01   6.2429980e-01  -4.4992950e+00  -2.9045107e+00   1.9838896e+00   3.1426831e+00  -6.0464411e+00  -3.6439429e+00  -2.0479121e+00   5.4906328e+00  -6.1092169e+00  -9.4103966e+00   6.6459383e+00  -3.3613380e+00  -4.8367919e+00   3.7018039e+00  -2.5271516e+00   9.7307437e-01   2.4866207e+00   7.5185981e+00  -1.0418056e+00   3.1389223e-03  -2.5021593e+00   6.2031122e+00   7.7380290e+00  -1.8698056e+00  -5.0285397e+00  -1.8798761e+00   5.4190422e+00  -4.4386706e+00
  -8.5475642e+00  -3.5283311e+00   7.0853200e-01  -3.9508945e+00   1.6233256e+00  -1.0452924e+01   7.4119984e+00  -8.8350506e+00  -3.3271386e-01   5.2499183e+00  -5.2099412e+00   7.2716283e-01   3.7353126e+00   6.4799157e+00   1.0379325e+00  -1.8180098e+00  -2.1362880e+00   5.9964279e-01   6.0379270e+00   1.7003712e+00  -6.7998612e-01   2.6886733e+00   2.3801296e+00   4.4623721e+00   6.6411014e-01   5.5104877e+00   7.9721396e+00   2.6443315e+00  -5.9084169e+00   3.6628284e+00  -2.3992781e+00
   2.4918189e+00  -3.1839892e+00  -3.6686976e+00   1.9256932e+00   6.1451908e-01   4.0372558e+00   1.8465567e+00  -1.4085365e+01  -9.6103309e+00  -4.7800461e+00   5.2511296e+00  -3.9953858e+00   3.4692715e+00  -3.5012353e+00  -5.1736016e+00   7.1602127e+00  -9.9147005e-01  -1.5429468e+00   1.0863261e+01   6.6914536e+00  -1.2172568e+00   6.8251950e-01   2.3901021e+00  -8.5695555e+00  -3.9869366e+00  -8.0472430e+00   8.6996851e+00   1.0952101e+01  -2.5107314e+00  -4.3598891e+00  -3.1775604e+00
