   0.0000000e+00  -3.8551030e-01
   1.0000000e-02   4.0180771e-01
   2.0000000e-02   6.0378935e-01
   3.0000000e-02   3.7227883e-01
   4.0000000e-02  -4.4742967e-01
   5.0000000e-02   2.4949903e-01
   6.0000000e-02  -1.5496240e-01
   7.0000000e-02   6.7885083e-02
   8.0000000e-02  -1.8976819e-01
   9.0000000e-02   2.8644412e-01
   1.0000000e-01  -3.2626409e-01
   1.1000000e-01   1.3147728e-01
   1.2000000e-01   5.5103125e-01
   1.3000000e-01  -3.4285429e-01
   1.4000000e-01   4.5475276e-01
   1.5000000e-01  -4.3878108e-01
   1.6000000e-01  -4.2949249e-01
   1.7000000e-01   2.7301101e-01
   1.8000000e-01  -1.3412187e-01
   1.9000000e-01   5.6879162e-01
   2.0000000e-01   1.8696412e-01
   2.1000000e-01   3.2471069e-01
   2.2000000e-01  -3.1239179e-01
   2.3000000e-01  -2.1934764e-01
   2.4000000e-01   6.9888564e-01
   2.5000000e-01   2.0652110e-01
   2.6000000e-01  -4.9979766e-01
   2.7000000e-01  -5.0029287e-01
   2.8000000e-01  -5.6582787e-01
   2.9000000e-01  -8.3592374e-02
   3.0000000e-01   8.8531411e-01
   3.1000000e-01  -6.1024191e-01
   3.2000000e-01   4.8447689e-02
   3.3000000e-01   6.4104011e-01
   3.4000000e-01   3.2708011e-01
   3.5000000e-01   7.3168199e-01
   3.6000000e-01  -5.8035688e-01
   3.7000000e-01  -2.3072139e-02
   3.8000000e-01  -2.2138975e-01
   3.9000000e-01  -1.7373740e-01
   4.0000000e-01   4.3320080e-01
   4.1000000e-01  -1.9411668e-01
   4.2000000e-01   9.8473481e-02
   4.3000000e-01   4.0467549e-01
   4.4000000e-01   1.7935869e-01
   4.5000000e-01   4.7515599e-01
   4.6000000e-01  -2.0332347e-01
   4.7000000e-01   3.1028069e-01
   4.8000000e-01  -4.9891851e-01
   4.9000000e-01   1.7708423e-01
   5.0000000e-01   1.4432794e-01
   5.1000000e-01  -1.2754131e-01
   5.2000000e-01   2.0944995e-01
   5.3000000e-01  -7.8310152e-01
   5.4000000e-01   6.1769269e-01
   5.5000000e-01  -3.0512355e-01
   5.6000000e-01   1.5112068e-01
   5.7000000e-01   2.1252354e-01
   5.8000000e-01  -5.3460625e-01
   5.9000000e-01  -1.4844107e-01
   6.0000000e-01  -5.3930587e-01
   6.1000000e-01   2.6986148e-01
   6.2000000e-01   3.7217149e-02
   6.3000000e-01   4.1625570e-01
   6.4000000e-01  -3.1799902e-01
   6.5000000e-01   3.1120675e-01
   6.6000000e-01   9.7272753e-02
   6.7000000e-01  -3.6767486e-02
   6.8000000e-01   3.8799697e-01
   6.9000000e-01  -4.9142696e-01
   7.0000000e-01  -1.6818827e-01
   7.1000000e-01  -1.1732079e-01
   7.2000000e-01  -2.7822711e-01
   7.3000000e-01  -1.4581852e-01
   7.4000000e-01   7.7900325e-01
   7.5000000e-01   2.0972879e-01
   7.6000000e-01   1.1215683e-01
   7.7000000e-01   8.8814585e-02
   7.8000000e-01  -6.2057523e-02
   7.9000000e-01   6.2813355e-02
   8.0000000e-01   2.5721119e-01
   8.1000000e-01  -1.4419285e-02
   8.2000000e-01  -4.6285841e-01
   8.3000000e-01   2.4221675e-01
   8.4000000e-01  -4.5196575e-01
   8.5000000e-01   1.2208300e-01
   8.6000000e-01   2.7886036e-01
   8.7000000e-01  -1.1963252e-01
   8.8000000e-01   1.9765521e-01
   8.9000000e-01   6.2160229e-01
   9.0000000e-01   8.1881866e-02
   9.1000000e-01   4.5480259e-03
   9.2000000e-01   4.6215753e-01
   9.3000000e-01  -1.5033898e-01
   9.4000000e-01   6.0672506e-01
   9.5000000e-01   6.8813996e-01
   9.6000000e-01   1.3187341e-01
   9.7000000e-01   2.6282321e-01
   9.8000000e-01  -2.7157031e-01
   9.9000000e-01   3.7520563e-02
   1.0000000e+00   6.4765842e-01
   1.0100000e+00   1.7075225e-01
   1.0200000e+00   2.4439892e-02
   1.0300000e+00   6.9758356e-01
   1.0400000e+00  -6.3852484e-02
   1.0500000e+00   6.1785388e-02
   1.0600000e+00   7.8265594e-02
   1.0700000e+00   5.9888692e-01
   1.0800000e+00   3.2909860e-01
   1.0900000e+00  -4.8366184e-02
   1.1000000e+00   3.4850100e-01
   1.1100000e+00  -6.4062555e-02
   1.1200000e+00   7.2960458e-01
   1.1300000e+00  -6.3830228e-01
   1.1400000e+00   2.5396079e-01
   1.1500000e+00   4.8836603e-01
   1.1600000e+00   1.3336376e-01
   1.1700000e+00  -2.6955240e-01
   1.1800000e+00   4.4209280e-01
   1.1900000e+00  -3.8286920e-02
   1.2000000e+00   3.8677852e-01
   1.2100000e+00   5.7545271e-02
   1.2200000e+00   3.4723758e-01
   1.2300000e+00   9.0766301e-02
   1.2400000e+00   4.5659032e-01
   1.2500000e+00  -3.9259418e-02
   1.2600000e+00   9.6306536e-01
   1.2700000e+00   5.9908066e-01
   1.2800000e+00   4.3482135e-01
   1.2900000e+00  -3.2736449e-02
   1.3000000e+00   4.4687870e-01
   1.3100000e+00   8.4770880e-02
   1.3200000e+00   7.8220980e-01
   1.3300000e+00   4.5221991e-01
   1.3400000e+00   6.7324515e-01
   1.3500000e+00   1.5600973e-01
   1.3600000e+00   6.1656715e-02
   1.3700000e+00   3.1305474e-01
   1.3800000e+00   8.7252801e-02
   1.3900000e+00   8.0641605e-05
   1.4000000e+00   6.8563458e-01
   1.4100000e+00  -8.4394038e-02
   1.4200000e+00   3.3443865e-01
   1.4300000e+00   8.0958244e-01
   1.4400000e+00  -1.1183238e-01
   1.4500000e+00   6.6098706e-01
   1.4600000e+00   2.4864001e-01
   1.4700000e+00  -2.6520122e-02
   1.4800000e+00  -1.0337294e-01
   1.4900000e+00   5.0038014e-01
   1.5000000e+00   1.2817449e+00
   1.5100000e+00   5.5725607e-01
   1.5200000e+00   1.7831513e-01
   1.5300000e+00   1.0198222e+00
   1.5400000e+00   9.3321025e-02
   1.5500000e+00   2.2467973e-01
   1.5600000e+00   6.4652977e-01
   1.5700000e+00  -3.7603152e-01
   1.5800000e+00   4.6573712e-03
   1.5900000e+00   4.1505899e-01
   1.6000000e+00   5.0450567e-01
   1.6100000e+00   4.7058959e-02
   1.6200000e+00   4.4733256e-01
   1.6300000e+00   4.2841857e-01
   1.6400000e+00   3.9937928e-01
   1.6500000e+00   6.9236425e-01
   1.6600000e+00   2.8332333e-01
   1.6700000e+00   5.2466015e-01
   1.6800000e+00   2.2286669e-01
   1.6900000e+00   4.9317217e-02
   1.7000000e+00   5.5061645e-01
   1.7100000e+00  -8.8193163e-01
   1.7200000e+00   2.7202700e-01
   1.7300000e+00   2.3203198e-01
   1.7400000e+00   5.7487255e-01
   1.7500000e+00   5.5052608e-01
   1.7600000e+00   8.0931393e-01
   1.7700000e+00   2.7154919e-01
   1.7800000e+00   4.7837895e-01
   1.7900000e+00   3.2535318e-01
   1.8000000e+00   1.0420940e+00
   1.8100000e+00   4.2244762e-01
   1.8200000e+00   1.6833269e-01
   1.8300000e+00   1.0171996e+00
   1.8400000e+00  -1.2070370e-01
   1.8500000e+00   2.6362537e-01
   1.8600000e+00   1.6825426e-01
   1.8700000e+00   2.6724742e-01
   1.8800000e+00   2.8763217e-01
   1.8900000e+00   9.6478939e-01
   1.9000000e+00   5.8595120e-01
   1.9100000e+00   1.3593938e+00
   1.9200000e+00   3.2320546e-01
   1.9300000e+00   4.7112189e-01
   1.9400000e+00   4.8405054e-01
   1.9500000e+00   9.0601217e-01
   1.9600000e+00   5.7553453e-01
   1.9700000e+00   4.8238546e-01
   1.9800000e+00   4.4891783e-01
   1.9900000e+00   9.4776713e-01
   2.0000000e+00   6.4923339e-01
   2.0100000e+00   4.1019531e-01
   2.0200000e+00   5.4035829e-01
   2.0300000e+00   1.2428667e+00
   2.0400000e+00   1.0079932e+00
   2.0500000e+00   3.7309466e-01
   2.0600000e+00   4.0528961e-01
   2.0700000e+00   6.6955685e-01
   2.0800000e+00   1.9595847e-01
   2.0900000e+00   4.1260454e-01
   2.1000000e+00   1.2585755e-01
   2.1100000e+00  -1.3295481e-01
   2.1200000e+00   3.4817952e-01
   2.1300000e+00   4.4758410e-01
   2.1400000e+00   6.6036223e-01
   2.1500000e+00   4.4997577e-01
   2.1600000e+00  -1.0325775e-01
   2.1700000e+00   6.8123040e-01
   2.1800000e+00   2.2387043e-01
   2.1900000e+00   5.4817712e-02
   2.2000000e+00   9.0800004e-01
   2.2100000e+00   6.1966498e-01
   2.2200000e+00   4.7668232e-01
   2.2300000e+00   5.1093328e-01
   2.2400000e+00   1.0167100e+00
   2.2500000e+00   2.7453211e-01
   2.2600000e+00   2.4873086e-01
   2.2700000e+00  -1.0654938e-01
   2.2800000e+00   7.9856432e-01
   2.2900000e+00   6.0815137e-01
   2.3000000e+00   5.7904681e-01
   2.3100000e+00   8.2200220e-02
   2.3200000e+00   2.9009481e-01
   2.3300000e+00   4.8032940e-01
   2.3400000e+00   5.8710295e-01
   2.3500000e+00   2.7423421e-01
   2.3600000e+00  -2.4166001e-01
   2.3700000e+00   7.0969091e-02
   2.3800000e+00   4.6139637e-01
   2.3900000e+00   3.1613567e-01
   2.4000000e+00   8.9356027e-01
   2.4100000e+00  -2.3182786e-01
   2.4200000e+00  -1.2118086e-01
   2.4300000e+00   4.5310356e-01
   2.4400000e+00  -8.6973068e-02
   2.4500000e+00   7.1459416e-01
   2.4600000e+00   5.5400203e-01
   2.4700000e+00   2.6691665e-01
   2.4800000e+00  -1.0722000e-01
   2.4900000e+00   3.6521909e-01
   2.5000000e+00   5.5328816e-01
   2.5100000e+00   4.3012807e-01
   2.5200000e+00   1.8322476e-01
   2.5300000e+00   2.4088645e-01
   2.5400000e+00   7.1856578e-01
   2.5500000e+00   6.2933904e-01
   2.5600000e+00   4.7161372e-01
   2.5700000e+00  -1.6547869e-01
   2.5800000e+00  -5.9438902e-01
   2.5900000e+00  -2.8447694e-02
   2.6000000e+00  -4.7215033e-02
   2.6100000e+00   1.0637500e-01
   2.6200000e+00   4.7979760e-02
   2.6300000e+00   4.5637057e-01
   2.6400000e+00   1.8571374e-02
   2.6500000e+00   7.9668747e-01
   2.6600000e+00   1.9571942e-01
   2.6700000e+00   2.5026773e-01
   2.6800000e+00  -4.3826130e-01
   2.6900000e+00  -6.6284206e-02
   2.7000000e+00  -6.1073245e-01
   2.7100000e+00   7.4872253e-02
   2.7200000e+00   4.4019737e-01
   2.7300000e+00   6.6661066e-01
   2.7400000e+00  -3.4149632e-01
   2.7500000e+00  -4.9796359e-01
   2.7600000e+00   3.2223955e-01
   2.7700000e+00   2.3724237e-01
   2.7800000e+00  -1.3975674e-01
   2.7900000e+00   3.8889930e-01
   2.8000000e+00   1.3837107e-01
   2.8100000e+00   3.1123521e-01
   2.8200000e+00   3.5683214e-02
   2.8300000e+00  -1.1416528e-01
   2.8400000e+00   4.9070079e-01
   2.8500000e+00   5.3450312e-01
   2.8600000e+00   6.4333222e-01
   2.8700000e+00   1.1690592e-02
   2.8800000e+00  -5.9323539e-03
   2.8900000e+00   2.7237250e-01
   2.9000000e+00  -4.2088323e-02
   2.9100000e+00   2.8781827e-01
   2.9200000e+00  -9.1894625e-02
   2.9300000e+00   8.3552733e-02
   2.9400000e+00  -3.2118065e-01
   2.9500000e+00  -4.9289737e-01
   2.9600000e+00   2.0569803e-01
   2.9700000e+00   4.5031584e-02
   2.9800000e+00  -1.1887829e-01
   2.9900000e+00   1.1164923e-01
   3.0000000e+00   2.4565843e-02
   3.0100000e+00   5.7734004e-01
   3.0200000e+00   6.7492035e-03
   3.0300000e+00   5.5760562e-01
   3.0400000e+00  -1.0784722e-01
   3.0500000e+00  -1.4617903e-01
   3.0600000e+00  -4.7685621e-01
   3.0700000e+00   2.8111100e-01
   3.0800000e+00   2.6955567e-01
   3.0900000e+00   6.8088965e-01
   3.1000000e+00   9.2179679e-01
   3.1100000e+00   5.9980919e-01
   3.1200000e+00   2.6310529e-01
   3.1300000e+00   4.9474003e-01
   3.1400000e+00   1.8911618e-01
   3.1500000e+00   1.1173264e-01
   3.1600000e+00  -3.6164286e-02
   3.1700000e+00   4.0096890e-01
   3.1800000e+00   2.6939026e-01
   3.1900000e+00  -1.9977479e-01
   3.2000000e+00   3.5388619e-01
   3.2100000e+00   4.9314406e-01
   3.2200000e+00   1.7154737e-01
   3.2300000e+00   2.1716724e-01
   3.2400000e+00   3.2225651e-01
   3.2500000e+00  -7.2898761e-02
   3.2600000e+00  -6.4071787e-02
   3.2700000e+00   6.7004549e-01
   3.2800000e+00   5.2892840e-01
   3.2900000e+00   5.9981056e-01
   3.3000000e+00  -1.7443725e-02
   3.3100000e+00   5.5518026e-01
   3.3200000e+00   5.2491839e-01
   3.3300000e+00   5.0511161e-01
   3.3400000e+00   1.3719508e-01
   3.3500000e+00   2.6089033e-01
   3.3600000e+00   9.2989137e-01
   3.3700000e+00   3.9689455e-01
   3.3800000e+00  -2.7191542e-01
   3.3900000e+00   1.8575986e-01
   3.4000000e+00  -4.0574118e-01
   3.4100000e+00   4.9801211e-01
   3.4200000e+00  -1.5528417e-02
   3.4300000e+00   2.3246488e-01
   3.4400000e+00   4.1693279e-01
   3.4500000e+00   3.7975964e-01
   3.4600000e+00  -1.9228129e-01
   3.4700000e+00   6.4029749e-02
   3.4800000e+00  -3.9039077e-02
   3.4900000e+00   1.3181898e-01
   3.5000000e+00   9.6610156e-01
   3.5100000e+00   4.1405528e-01
   3.5200000e+00  -1.6379380e-01
   3.5300000e+00   5.6938148e-01
   3.5400000e+00   2.2677013e-01
   3.5500000e+00   6.4902356e-01
   3.5600000e+00   2.3539006e-01
   3.5700000e+00   3.8955633e-01
   3.5800000e+00   7.9471937e-01
   3.5900000e+00   4.9587755e-01
   3.6000000e+00   8.4881165e-01
   3.6100000e+00   3.4027969e-01
   3.6200000e+00   3.6859341e-01
   3.6300000e+00   5.6593159e-01
   3.6400000e+00   2.9849008e-01
   3.6500000e+00   5.6473282e-01
   3.6600000e+00   6.4491590e-01
   3.6700000e+00   3.4012500e-01
   3.6800000e+00   1.4588728e-01
   3.6900000e+00   3.4170193e-01
   3.7000000e+00   4.0122503e-01
   3.7100000e+00   7.2630181e-01
   3.7200000e+00   5.3038033e-01
   3.7300000e+00   8.5174203e-01
   3.7400000e+00   2.9460031e-01
   3.7500000e+00   7.0854847e-01
   3.7600000e+00   8.4604444e-01
   3.7700000e+00   7.7194201e-01
   3.7800000e+00   3.4326841e-01
   3.7900000e+00   7.8814565e-01
   3.8000000e+00   4.2810678e-01
   3.8100000e+00   6.3918327e-01
   3.8200000e+00   4.8427101e-01
   3.8300000e+00   9.8294947e-01
   3.8400000e+00   8.4210501e-02
   3.8500000e+00   7.5826534e-01
   3.8600000e+00   6.6012930e-01
   3.8700000e+00   3.7257839e-01
   3.8800000e+00   7.8188453e-01
   3.8900000e+00   6.2706008e-01
   3.9000000e+00   1.1228735e+00
   3.9100000e+00   1.4057039e-01
   3.9200000e+00   8.9318888e-01
   3.9300000e+00   1.0011708e+00
   3.9400000e+00   1.3242261e-01
   3.9500000e+00   1.1327685e+00
   3.9600000e+00   1.3008693e+00
   3.9700000e+00   1.1451899e+00
   3.9800000e+00   1.4708687e+00
   3.9900000e+00   1.1419861e+00
   4.0000000e+00   2.8089020e-01
   4.0100000e+00   6.1295520e-01
   4.0200000e+00   1.4391088e+00
   4.0300000e+00   9.1491483e-01
   4.0400000e+00   6.6110416e-01
   4.0500000e+00   3.3917611e-01
   4.0600000e+00   6.6424170e-01
   4.0700000e+00   8.5258944e-01
   4.0800000e+00   1.3023833e+00
   4.0900000e+00   1.3360841e+00
   4.1000000e+00   1.7044658e+00
   4.1100000e+00   1.5104167e+00
   4.1200000e+00   9.4136012e-01
   4.1300000e+00   1.2504402e+00
   4.1400000e+00   1.3686923e+00
   4.1500000e+00   1.4454654e+00
   4.1600000e+00   8.8213207e-01
   4.1700000e+00   1.0637654e+00
   4.1800000e+00   1.2156175e+00
   4.1900000e+00   1.3243154e+00
   4.2000000e+00   1.9757082e+00
   4.2100000e+00   1.5405505e+00
   4.2200000e+00   1.1025145e+00
   4.2300000e+00   1.4981172e+00
   4.2400000e+00   1.4951461e+00
   4.2500000e+00   1.4662089e+00
   4.2600000e+00   2.0160462e+00
   4.2700000e+00   2.2255321e+00
   4.2800000e+00   1.6414282e+00
   4.2900000e+00   1.7183965e+00
   4.3000000e+00   1.2444820e+00
   4.3100000e+00   2.0212750e+00
   4.3200000e+00   1.4242422e+00
   4.3300000e+00   1.8193641e+00
   4.3400000e+00   1.8574367e+00
   4.3500000e+00   1.7436248e+00
   4.3600000e+00   1.9858891e+00
   4.3700000e+00   1.8774894e+00
   4.3800000e+00   2.6090382e+00
   4.3900000e+00   2.4187273e+00
   4.4000000e+00   2.6716794e+00
   4.4100000e+00   2.3054441e+00
   4.4200000e+00   2.0467908e+00
   4.4300000e+00   2.1066438e+00
   4.4400000e+00   2.1408419e+00
   4.4500000e+00   2.4120037e+00
   4.4600000e+00   2.0351267e+00
   4.4700000e+00   2.2786841e+00
   4.4800000e+00   1.9381715e+00
   4.4900000e+00   2.5789357e+00
   4.5000000e+00   2.1081350e+00
   4.5100000e+00   1.8640387e+00
   4.5200000e+00   2.2482304e+00
   4.5300000e+00   2.2001625e+00
   4.5400000e+00   2.1238019e+00
   4.5500000e+00   2.2522237e+00
   4.5600000e+00   2.6941605e+00
   4.5700000e+00   2.4939223e+00
   4.5800000e+00   2.0284178e+00
   4.5900000e+00   3.0734618e+00
   4.6000000e+00   2.7003369e+00
   4.6100000e+00   2.9190834e+00
   4.6200000e+00   2.3226325e+00
   4.6300000e+00   2.6861990e+00
   4.6400000e+00   3.1599444e+00
   4.6500000e+00   2.4391588e+00
   4.6600000e+00   2.9949326e+00
   4.6700000e+00   3.4332477e+00
   4.6800000e+00   2.6922182e+00
   4.6900000e+00   2.2788189e+00
   4.7000000e+00   2.3333359e+00
   4.7100000e+00   3.0170005e+00
   4.7200000e+00   3.5524454e+00
   4.7300000e+00   3.0139011e+00
   4.7400000e+00   3.0926914e+00
   4.7500000e+00   2.6366626e+00
   4.7600000e+00   3.3555444e+00
   4.7700000e+00   3.3324543e+00
   4.7800000e+00   3.5530968e+00
   4.7900000e+00   3.1305096e+00
   4.8000000e+00   3.8987210e+00
   4.8100000e+00   3.3975678e+00
   4.8200000e+00   2.9292846e+00
   4.8300000e+00   3.4612599e+00
   4.8400000e+00   4.0370925e+00
   4.8500000e+00   3.7750434e+00
   4.8600000e+00   3.0479149e+00
   4.8700000e+00   4.2894975e+00
   4.8800000e+00   3.9283145e+00
   4.8900000e+00   3.8082640e+00
   4.9000000e+00   3.8137334e+00
   4.9100000e+00   3.7974808e+00
   4.9200000e+00   3.8249011e+00
   4.9300000e+00   3.6114424e+00
   4.9400000e+00   4.3785660e+00
   4.9500000e+00   4.0018934e+00
   4.9600000e+00   4.4105387e+00
   4.9700000e+00   4.3264594e+00
   4.9800000e+00   4.2000033e+00
   4.9900000e+00   4.3498016e+00
   5.0000000e+00   3.9462656e+00
   5.0100000e+00   4.4630501e+00
   5.0200000e+00   4.8854743e+00
   5.0300000e+00   4.7838089e+00
   5.0400000e+00   4.5282681e+00
   5.0500000e+00   4.6211529e+00
   5.0600000e+00   4.4941855e+00
   5.0700000e+00   4.2140744e+00
   5.0800000e+00   4.3492791e+00
   5.0900000e+00   4.3322104e+00
   5.1000000e+00   4.5141077e+00
   5.1100000e+00   5.0471527e+00
   5.1200000e+00   5.1090399e+00
   5.1300000e+00   5.2562935e+00
   5.1400000e+00   5.0398435e+00
   5.1500000e+00   5.2826101e+00
   5.1600000e+00   4.2768577e+00
   5.1700000e+00   4.9825558e+00
   5.1800000e+00   4.1250329e+00
   5.1900000e+00   5.4454313e+00
   5.2000000e+00   4.8623647e+00
   5.2100000e+00   5.4677547e+00
   5.2200000e+00   5.4583192e+00
   5.2300000e+00   5.0550934e+00
   5.2400000e+00   4.9578852e+00
   5.2500000e+00   5.1811545e+00
   5.2600000e+00   5.2536685e+00
   5.2700000e+00   5.4077353e+00
   5.2800000e+00   5.3124864e+00
   5.2900000e+00   5.5886759e+00
   5.3000000e+00   5.1170752e+00
   5.3100000e+00   5.4764087e+00
   5.3200000e+00   5.4365600e+00
   5.3300000e+00   5.5351232e+00
   5.3400000e+00   5.4086972e+00
   5.3500000e+00   5.4907282e+00
   5.3600000e+00   5.7609247e+00
   5.3700000e+00   5.8495666e+00
   5.3800000e+00   6.0022947e+00
   5.3900000e+00   5.7522071e+00
   5.4000000e+00   6.0650748e+00
   5.4100000e+00   6.0196730e+00
   5.4200000e+00   5.7745003e+00
   5.4300000e+00   5.7914607e+00
   5.4400000e+00   6.2166795e+00
   5.4500000e+00   5.2511092e+00
   5.4600000e+00   6.4415790e+00
   5.4700000e+00   6.3012316e+00
   5.4800000e+00   5.7178751e+00
   5.4900000e+00   6.8258532e+00
   5.5000000e+00   6.1543123e+00
   5.5100000e+00   6.5797640e+00
   5.5200000e+00   7.2111613e+00
   5.5300000e+00   6.0314438e+00
   5.5400000e+00   6.3475569e+00
   5.5500000e+00   5.3239586e+00
   5.5600000e+00   6.0001312e+00
   5.5700000e+00   6.1920152e+00
   5.5800000e+00   6.7297744e+00
   5.5900000e+00   6.2589324e+00
   5.6000000e+00   6.5197356e+00
   5.6100000e+00   6.4059308e+00
   5.6200000e+00   6.7494697e+00
   5.6300000e+00   7.4297214e+00
   5.6400000e+00   6.5265707e+00
   5.6500000e+00   6.2818329e+00
   5.6600000e+00   6.4272012e+00
   5.6700000e+00   6.4508977e+00
   5.6800000e+00   6.4435449e+00
   5.6900000e+00   7.3802441e+00
   5.7000000e+00   6.6982690e+00
   5.7100000e+00   6.7466548e+00
   5.7200000e+00   6.4458985e+00
   5.7300000e+00   6.5665913e+00
   5.7400000e+00   7.0202119e+00
   5.7500000e+00   6.8133539e+00
   5.7600000e+00   7.0732568e+00
   5.7700000e+00   6.8464057e+00
   5.7800000e+00   6.6454985e+00
   5.7900000e+00   7.3586649e+00
   5.8000000e+00   6.9076924e+00
   5.8100000e+00   7.7655045e+00
   5.8200000e+00   7.2553053e+00
   5.8300000e+00   6.4144433e+00
   5.8400000e+00   6.5337904e+00
   5.8500000e+00   6.6009602e+00
   5.8600000e+00   6.8040339e+00
   5.8700000e+00   6.9428173e+00
   5.8800000e+00   7.1939814e+00
   5.8900000e+00   7.4529200e+00
   5.9000000e+00   7.0310665e+00
   5.9100000e+00   6.9979478e+00
   5.9200000e+00   6.7062986e+00
   5.9300000e+00   7.0304243e+00
   5.9400000e+00   7.0802419e+00
   5.9500000e+00   7.1313913e+00
   5.9600000e+00   7.4674000e+00
   5.9700000e+00   6.6144866e+00
   5.9800000e+00   7.1830986e+00
   5.9900000e+00   6.5348408e+00
   6.0000000e+00   7.4193475e+00
   6.0100000e+00   7.8798930e+00
   6.0200000e+00   7.3214109e+00
   6.0300000e+00   6.5701777e+00
   6.0400000e+00   7.0435057e+00
   6.0500000e+00   6.8567674e+00
   6.0600000e+00   6.5376532e+00
   6.0700000e+00   6.6743773e+00
   6.0800000e+00   6.3240389e+00
   6.0900000e+00   6.7560352e+00
   6.1000000e+00   7.3307166e+00
   6.1100000e+00   7.0839194e+00
   6.1200000e+00   6.1243047e+00
   6.1300000e+00   7.3277556e+00
   6.1400000e+00   7.2307163e+00
   6.1500000e+00   6.5158005e+00
   6.1600000e+00   6.6730516e+00
   6.1700000e+00   7.0200431e+00
   6.1800000e+00   6.4373383e+00
   6.1900000e+00   6.5158986e+00
   6.2000000e+00   6.5156681e+00
   6.2100000e+00   7.0166708e+00
   6.2200000e+00   6.8514582e+00
   6.2300000e+00   6.6033447e+00
   6.2400000e+00   6.4089318e+00
   6.2500000e+00   6.6691463e+00
   6.2600000e+00   6.4521682e+00
   6.2700000e+00   7.2124326e+00
   6.2800000e+00   6.0754080e+00
   6.2900000e+00   6.5022182e+00
   6.3000000e+00   6.2393898e+00
   6.3100000e+00   7.1058557e+00
   6.3200000e+00   6.8847716e+00
   6.3300000e+00   6.3473284e+00
   6.3400000e+00   6.4658035e+00
   6.3500000e+00   6.7369492e+00
   6.3600000e+00   6.6424211e+00
   6.3700000e+00   5.6255618e+00
   6.3800000e+00   5.8475506e+00
   6.3900000e+00   6.3170135e+00
   6.4000000e+00   6.8545721e+00
   6.4100000e+00   6.5820978e+00
   6.4200000e+00   6.0633361e+00
   6.4300000e+00   6.5784694e+00
   6.4400000e+00   6.1235113e+00
   6.4500000e+00   5.9325037e+00
   6.4600000e+00   6.3275639e+00
   6.4700000e+00   6.1236940e+00
   6.4800000e+00   6.1802701e+00
   6.4900000e+00   5.8817894e+00
   6.5000000e+00   6.1811033e+00
   6.5100000e+00   5.9037354e+00
   6.5200000e+00   5.7536753e+00
   6.5300000e+00   6.4017028e+00
   6.5400000e+00   6.0466010e+00
   6.5500000e+00   5.5949118e+00
   6.5600000e+00   6.4324672e+00
   6.5700000e+00   5.6884308e+00
   6.5800000e+00   5.9474603e+00
   6.5900000e+00   5.5075722e+00
   6.6000000e+00   6.4997932e+00
   6.6100000e+00   6.4645487e+00
   6.6200000e+00   5.7696560e+00
   6.6300000e+00   5.5001845e+00
   6.6400000e+00   6.0323757e+00
   6.6500000e+00   5.7847339e+00
   6.6600000e+00   5.6036691e+00
   6.6700000e+00   6.1301468e+00
   6.6800000e+00   5.9594010e+00
   6.6900000e+00   5.5752269e+00
   6.7000000e+00   5.6815360e+00
   6.7100000e+00   5.4350128e+00
   6.7200000e+00   5.5313798e+00
   6.7300000e+00   5.6317434e+00
   6.7400000e+00   5.7087172e+00
   6.7500000e+00   4.9930802e+00
   6.7600000e+00   5.2832076e+00
   6.7700000e+00   5.4295049e+00
   6.7800000e+00   4.7284029e+00
   6.7900000e+00   5.0872270e+00
   6.8000000e+00   4.8654188e+00
   6.8100000e+00   4.9448368e+00
   6.8200000e+00   5.0898215e+00
   6.8300000e+00   4.7196415e+00
   6.8400000e+00   5.1909621e+00
   6.8500000e+00   4.9299278e+00
   6.8600000e+00   5.3524662e+00
   6.8700000e+00   4.7695481e+00
   6.8800000e+00   4.6612500e+00
   6.8900000e+00   4.7862226e+00
   6.9000000e+00   4.8565762e+00
   6.9100000e+00   5.0028335e+00
   6.9200000e+00   4.2231237e+00
   6.9300000e+00   4.7258078e+00
   6.9400000e+00   4.0536686e+00
   6.9500000e+00   4.6909479e+00
   6.9600000e+00   4.0294588e+00
   6.9700000e+00   4.3692017e+00
   6.9800000e+00   4.8446745e+00
   6.9900000e+00   4.3411414e+00
   7.0000000e+00   4.0211111e+00
   7.0100000e+00   4.0129680e+00
   7.0200000e+00   4.1835951e+00
   7.0300000e+00   4.2939866e+00
   7.0400000e+00   3.8279173e+00
   7.0500000e+00   4.1786059e+00
   7.0600000e+00   3.7551765e+00
   7.0700000e+00   3.9588907e+00
   7.0800000e+00   3.9964272e+00
   7.0900000e+00   3.7629094e+00
   7.1000000e+00   3.8025339e+00
   7.1100000e+00   4.0549706e+00
   7.1200000e+00   3.6314746e+00
   7.1300000e+00   2.9952297e+00
   7.1400000e+00   3.8555018e+00
   7.1500000e+00   3.2435144e+00
   7.1600000e+00   3.7027557e+00
   7.1700000e+00   3.3473420e+00
   7.1800000e+00   3.8410239e+00
   7.1900000e+00   2.9516593e+00
   7.2000000e+00   3.1837616e+00
   7.2100000e+00   3.4896955e+00
   7.2200000e+00   3.5471800e+00
   7.2300000e+00   3.2630191e+00
   7.2400000e+00   3.0786780e+00
   7.2500000e+00   2.8183648e+00
   7.2600000e+00   3.2144084e+00
   7.2700000e+00   2.7007447e+00
   7.2800000e+00   3.8475041e+00
   7.2900000e+00   2.9644933e+00
   7.3000000e+00   3.1914987e+00
   7.3100000e+00   3.1637192e+00
   7.3200000e+00   3.2072018e+00
   7.3300000e+00   2.7326292e+00
   7.3400000e+00   3.4268160e+00
   7.3500000e+00   2.8953328e+00
   7.3600000e+00   2.8465320e+00
   7.3700000e+00   2.8245012e+00
   7.3800000e+00   3.0815045e+00
   7.3900000e+00   3.0646549e+00
   7.4000000e+00   2.5763356e+00
   7.4100000e+00   1.9235245e+00
   7.4200000e+00   2.2569215e+00
   7.4300000e+00   1.9369189e+00
   7.4400000e+00   2.0064044e+00
   7.4500000e+00   2.5829923e+00
   7.4600000e+00   2.1139307e+00
   7.4700000e+00   2.8268281e+00
   7.4800000e+00   2.5507275e+00
   7.4900000e+00   2.0868876e+00
   7.5000000e+00   2.2593238e+00
   7.5100000e+00   2.5515211e+00
   7.5200000e+00   2.2910246e+00
   7.5300000e+00   1.9373340e+00
   7.5400000e+00   2.6913338e+00
   7.5500000e+00   2.1850184e+00
   7.5600000e+00   2.6658350e+00
   7.5700000e+00   2.4413385e+00
   7.5800000e+00   2.0749146e+00
   7.5900000e+00   1.8872811e+00
   7.6000000e+00   1.6299008e+00
   7.6100000e+00   2.3898267e+00
   7.6200000e+00   2.3433045e+00
   7.6300000e+00   1.8664504e+00
   7.6400000e+00   1.6384213e+00
   7.6500000e+00   1.8395381e+00
   7.6600000e+00   1.5201107e+00
   7.6700000e+00   1.6073423e+00
   7.6800000e+00   1.6073091e+00
   7.6900000e+00   1.7194391e+00
   7.7000000e+00   1.6302152e+00
   7.7100000e+00   1.9800446e+00
   7.7200000e+00   1.3084067e+00
   7.7300000e+00   1.9623342e+00
   7.7400000e+00   1.9179737e+00
   7.7500000e+00   1.7057865e+00
   7.7600000e+00   1.5899727e+00
   7.7700000e+00   1.0396531e+00
   7.7800000e+00   1.6912517e+00
   7.7900000e+00   1.4312918e+00
   7.8000000e+00   1.2459482e+00
   7.8100000e+00   1.5737331e+00
   7.8200000e+00   1.5666456e+00
   7.8300000e+00   2.0095363e+00
   7.8400000e+00   1.3554553e+00
   7.8500000e+00   7.3503010e-01
   7.8600000e+00   7.2097654e-01
   7.8700000e+00   8.0013427e-01
   7.8800000e+00   7.7095824e-01
   7.8900000e+00   9.9040149e-01
   7.9000000e+00   1.4672246e+00
   7.9100000e+00   9.2756620e-01
   7.9200000e+00   8.6276313e-01
   7.9300000e+00   5.4701653e-01
   7.9400000e+00   1.2092893e+00
   7.9500000e+00   1.0819275e+00
   7.9600000e+00   9.0958390e-01
   7.9700000e+00   1.0021228e+00
   7.9800000e+00   8.2523500e-01
   7.9900000e+00   1.1675806e+00
   8.0000000e+00   1.6564990e+00
   8.0100000e+00   1.0730219e+00
   8.0200000e+00   1.2931036e+00
   8.0300000e+00   1.0612828e+00
   8.0400000e+00   9.0659830e-01
   8.0500000e+00   1.5993725e+00
   8.0600000e+00   2.7609175e-01
   8.0700000e+00   6.5528734e-01
   8.0800000e+00   1.2602260e+00
   8.0900000e+00   7.0440772e-01
   8.1000000e+00   9.5059691e-01
   8.1100000e+00   6.1092513e-01
   8.1200000e+00   1.2220769e+00
   8.1300000e+00   1.0217943e+00
   8.1400000e+00   5.3110076e-01
   8.1500000e+00   6.0232849e-01
   8.1600000e+00   4.7279144e-01
   8.1700000e+00   8.8922543e-01
   8.1800000e+00  -1.3887961e-01
   8.1900000e+00   9.3172024e-01
   8.2000000e+00   6.8278158e-02
   8.2100000e+00  -9.3811930e-02
   8.2200000e+00   5.0329273e-01
   8.2300000e+00   1.0162570e+00
   8.2400000e+00   1.1266053e+00
   8.2500000e+00   1.0139951e+00
   8.2600000e+00   7.0416909e-02
   8.2700000e+00   8.4179141e-01
   8.2800000e+00   3.3947379e-01
   8.2900000e+00  -3.3012447e-01
   8.3000000e+00   8.7546646e-01
   8.3100000e+00   1.1691717e-01
   8.3200000e+00   5.5510096e-02
   8.3300000e+00  -1.0849185e-01
   8.3400000e+00   3.4443143e-01
   8.3500000e+00   8.8107200e-01
   8.3600000e+00  -5.0627777e-02
   8.3700000e+00   1.0398243e+00
   8.3800000e+00   2.3031417e-01
   8.3900000e+00   3.3203810e-01
   8.4000000e+00   5.5970717e-01
   8.4100000e+00   9.1842231e-01
   8.4200000e+00   9.1419664e-02
   8.4300000e+00   9.8170812e-01
   8.4400000e+00   5.3432299e-01
   8.4500000e+00  -1.1555147e-01
   8.4600000e+00  -1.5793675e-01
   8.4700000e+00   8.2746001e-02
   8.4800000e+00   1.2622284e-01
   8.4900000e+00   9.5804348e-01
   8.5000000e+00  -1.9424103e-01
   8.5100000e+00   1.2988094e+00
   8.5200000e+00  -6.2824280e-01
   8.5300000e+00   1.9300922e-01
   8.5400000e+00   1.5053200e-01
   8.5500000e+00   3.6061894e-01
   8.5600000e+00   4.0765233e-01
   8.5700000e+00  -3.9563547e-02
   8.5800000e+00   3.8963670e-01
   8.5900000e+00  -3.2869588e-01
   8.6000000e+00  -4.6996094e-02
   8.6100000e+00   7.3743936e-01
   8.6200000e+00   5.3768511e-01
   8.6300000e+00  -1.2591999e-01
   8.6400000e+00   7.2325006e-01
   8.6500000e+00   1.4831886e-01
   8.6600000e+00   2.1769746e-01
   8.6700000e+00   3.5682254e-01
   8.6800000e+00   2.5036254e-01
   8.6900000e+00   9.5966114e-01
   8.7000000e+00   2.0564129e-01
   8.7100000e+00   2.2389090e-01
   8.7200000e+00   7.7071192e-02
   8.7300000e+00  -3.0929400e-01
   8.7400000e+00   2.9319912e-01
   8.7500000e+00   3.4488821e-01
   8.7600000e+00   3.3782609e-01
   8.7700000e+00   3.5795222e-01
   8.7800000e+00   4.8148931e-01
   8.7900000e+00  -1.1507233e-01
   8.8000000e+00   3.2526855e-01
   8.8100000e+00   3.3657590e-01
   8.8200000e+00  -1.6559800e-02
   8.8300000e+00   1.1851871e-01
   8.8400000e+00  -1.4713732e-01
   8.8500000e+00   2.5037802e-01
   8.8600000e+00   3.4788603e-03
   8.8700000e+00   7.5294728e-01
   8.8800000e+00   2.6602929e-01
   8.8900000e+00   5.7202962e-03
   8.9000000e+00  -1.3768335e-01
   8.9100000e+00  -7.8684712e-01
   8.9200000e+00   1.7324871e-01
   8.9300000e+00  -1.6569892e-01
   8.9400000e+00   1.7038273e-01
   8.9500000e+00  -4.1133269e-01
   8.9600000e+00   3.4851132e-01
   8.9700000e+00  -1.3732256e-01
   8.9800000e+00   2.1790254e-01
   8.9900000e+00  -1.7496830e-01
   9.0000000e+00   5.4425259e-02
   9.0100000e+00   4.7891716e-01
   9.0200000e+00   9.6017977e-02
   9.0300000e+00   1.7886542e-01
   9.0400000e+00   4.8595885e-01
   9.0500000e+00  -8.1128822e-02
   9.0600000e+00   2.1807121e-01
   9.0700000e+00   4.1843086e-01
   9.0800000e+00   4.4115496e-01
   9.0900000e+00   2.7030371e-01
   9.1000000e+00   9.5022705e-01
   9.1100000e+00  -3.6865234e-01
   9.1200000e+00  -2.2707164e-01
   9.1300000e+00   1.5000428e-01
   9.1400000e+00  -1.0055348e-01
   9.1500000e+00   2.1293354e-01
   9.1600000e+00  -4.1075684e-01
   9.1700000e+00   7.2548030e-02
   9.1800000e+00   3.2960555e-01
   9.1900000e+00  -2.9352523e-01
   9.2000000e+00  -7.1989275e-02
   9.2100000e+00  -6.3321773e-01
   9.2200000e+00  -2.3866715e-01
   9.2300000e+00   1.3973661e-01
   9.2400000e+00   4.6765797e-01
   9.2500000e+00   4.5375459e-01
   9.2600000e+00   1.2008386e-01
   9.2700000e+00  -1.6793314e-01
   9.2800000e+00  -4.4527635e-01
   9.2900000e+00   2.9488804e-01
   9.3000000e+00   1.5626476e-01
   9.3100000e+00  -1.5797819e-01
   9.3200000e+00  -5.3442958e-02
   9.3300000e+00   5.1276496e-02
   9.3400000e+00  -2.2869278e-01
   9.3500000e+00  -2.0115568e-01
   9.3600000e+00  -6.9854771e-02
   9.3700000e+00  -1.6500468e-01
   9.3800000e+00   4.8560143e-01
   9.3900000e+00   1.0027905e-01
   9.4000000e+00   2.1410999e-01
   9.4100000e+00   7.3954221e-01
   9.4200000e+00  -1.0304524e-01
   9.4300000e+00  -7.8639501e-02
   9.4400000e+00  -4.1990521e-01
   9.4500000e+00   1.7467390e-01
   9.4600000e+00  -1.4455578e-01
   9.4700000e+00  -2.3376527e-01
   9.4800000e+00   2.3413395e-01
   9.4900000e+00  -4.4405659e-01
   9.5000000e+00  -8.4465352e-01
   9.5100000e+00   5.7364135e-01
   9.5200000e+00   4.5898260e-01
   9.5300000e+00   2.3814901e-01
   9.5400000e+00  -6.0006709e-01
   9.5500000e+00  -1.2224623e-01
   9.5600000e+00   7.7469749e-01
   9.5700000e+00   2.8484587e-01
   9.5800000e+00  -2.2848829e-01
   9.5900000e+00  -1.7529116e-01
   9.6000000e+00  -1.0985732e-01
   9.6100000e+00  -9.1279920e-02
   9.6200000e+00  -3.1785051e-01
   9.6300000e+00   6.7597919e-01
   9.6400000e+00   3.3458614e-01
   9.6500000e+00   1.3670769e-01
   9.6600000e+00   5.1899511e-01
   9.6700000e+00  -3.0677286e-01
   9.6800000e+00   2.4019117e-02
   9.6900000e+00   4.1757911e-02
   9.7000000e+00  -3.8276038e-01
   9.7100000e+00   2.3183670e-01
   9.7200000e+00  -5.8950027e-02
   9.7300000e+00   4.3104200e-01
   9.7400000e+00   2.3866667e-01
   9.7500000e+00  -1.8516625e-01
   9.7600000e+00   4.8322703e-01
   9.7700000e+00   3.9250882e-01
   9.7800000e+00   3.0664125e-01
   9.7900000e+00   2.9777998e-01
   9.8000000e+00  -1.2277465e-01
   9.8100000e+00  -4.8484225e-01
   9.8200000e+00   2.2695017e-01
   9.8300000e+00   2.9808003e-01
   9.8400000e+00   3.4110483e-01
   9.8500000e+00  -3.4521194e-01
   9.8600000e+00  -1.9064767e-01
   9.8700000e+00   2.7226949e-01
   9.8800000e+00   2.4838162e-01
   9.8900000e+00   2.8841778e-01
   9.9000000e+00  -2.8733835e-01
   9.9100000e+00   2.8084085e-01
   9.9200000e+00   1.3480063e-01
   9.9300000e+00   2.4439233e-01
   9.9400000e+00  -8.1839890e-01
   9.9500000e+00  -2.9962927e-01
   9.9600000e+00   5.1636159e-01
   9.9700000e+00   3.7466023e-01
   9.9800000e+00  -5.5862175e-01
   9.9900000e+00  -2.4367154e-01
   1.0000000e+01  -7.8423512e-01
