   5.7000000e+01   0.0000000e+00
   6.7500000e+01   0.0000000e+00
   5.4500000e+01   0.0000000e+00
   5.3000000e+01   1.0000000e+00
   5.7000000e+01   1.0000000e+00
   6.1000000e+01   0.0000000e+00
   5.8000000e+01   0.0000000e+00
   5.6000000e+01   0.0000000e+00
   5.8500000e+01   0.0000000e+00
   6.0000000e+01   0.0000000e+00
   5.3000000e+01   0.0000000e+00
   5.4000000e+01   1.0000000e+00
   5.8500000e+01   0.0000000e+00
   6.0500000e+01   1.0000000e+00
   5.8000000e+01   1.0000000e+00
   5.3000000e+01   1.0000000e+00
   5.0000000e+01   1.0000000e+00
   5.3000000e+01   0.0000000e+00
   5.9000000e+01   1.0000000e+00
   6.1500000e+01   1.0000000e+00
   4.9000000e+01   0.0000000e+00
   5.2500000e+01   0.0000000e+00
   4.8000000e+01   0.0000000e+00
   6.2500000e+01   1.0000000e+00
   6.5000000e+01   0.0000000e+00
   5.1500000e+01   1.0000000e+00
   6.0000000e+01   1.0000000e+00
   5.2000000e+01   1.0000000e+00
   6.0000000e+01   0.0000000e+00
   6.0000000e+01   0.0000000e+00
   4.9000000e+01   0.0000000e+00
   6.5500000e+01   1.0000000e+00
   6.0000000e+01   0.0000000e+00
   5.7500000e+01   0.0000000e+00
   5.2000000e+01   0.0000000e+00
   5.9000000e+01   0.0000000e+00
   5.9000000e+01   1.0000000e+00
   5.5000000e+01   1.0000000e+00
   5.7000000e+01   1.0000000e+00
   5.7000000e+01   1.0000000e+00
   6.0000000e+01   0.0000000e+00
   5.9000000e+01   1.0000000e+00
   5.1000000e+01   1.0000000e+00
   5.7000000e+01   0.0000000e+00
   5.0000000e+01   0.0000000e+00
   5.7000000e+01   0.0000000e+00
   5.4000000e+01   1.0000000e+00
   5.2500000e+01   0.0000000e+00
   5.5000000e+01   1.0000000e+00
   6.0500000e+01   1.0000000e+00
   5.4500000e+01   1.0000000e+00
   6.1500000e+01   0.0000000e+00
   6.2000000e+01   1.0000000e+00
   5.4500000e+01   1.0000000e+00
   5.4000000e+01   1.0000000e+00
   5.7000000e+01   1.0000000e+00
   6.2500000e+01   0.0000000e+00
   6.0000000e+01   0.0000000e+00
   5.0000000e+01   0.0000000e+00
   5.7500000e+01   0.0000000e+00
   6.0000000e+01   1.0000000e+00
   6.0000000e+01   0.0000000e+00
   5.1000000e+01   0.0000000e+00
   4.9000000e+01   0.0000000e+00
   5.9000000e+01   1.0000000e+00
   5.7500000e+01   1.0000000e+00
   5.8000000e+01   1.0000000e+00
   5.5500000e+01   0.0000000e+00
   5.2000000e+01   0.0000000e+00
   6.0500000e+01   0.0000000e+00
   5.7000000e+01   1.0000000e+00
   5.8000000e+01   0.0000000e+00
   6.0000000e+01   1.0000000e+00
   5.9000000e+01   1.0000000e+00
   5.9500000e+01   1.0000000e+00
   5.6000000e+01   1.0000000e+00
   5.3000000e+01   1.0000000e+00
   5.1000000e+01   1.0000000e+00
   6.9000000e+01   1.0000000e+00
   5.3000000e+01   0.0000000e+00
   5.7000000e+01   0.0000000e+00
   5.3000000e+01   0.0000000e+00
   6.3000000e+01   1.0000000e+00
   5.4500000e+01   1.0000000e+00
   5.8000000e+01   0.0000000e+00
   6.3000000e+01   0.0000000e+00
   5.2000000e+01   1.0000000e+00
   6.1500000e+01   1.0000000e+00
   5.2500000e+01   1.0000000e+00
   6.2000000e+01   1.0000000e+00
   6.1500000e+01   0.0000000e+00
   6.4500000e+01   1.0000000e+00
   5.7500000e+01   1.0000000e+00
   6.0000000e+01   0.0000000e+00
   6.0000000e+01   0.0000000e+00
   6.1000000e+01   1.0000000e+00
   5.8000000e+01   1.0000000e+00
   6.1500000e+01   1.0000000e+00
   5.5000000e+01   1.0000000e+00
   5.5000000e+01   1.0000000e+00
   5.2000000e+01   0.0000000e+00
   5.4000000e+01   1.0000000e+00
   6.3000000e+01   1.0000000e+00
   4.7000000e+01   1.0000000e+00
   6.0500000e+01   0.0000000e+00
   5.6000000e+01   1.0000000e+00
   5.8500000e+01   1.0000000e+00
   5.5000000e+01   1.0000000e+00
   5.8500000e+01   0.0000000e+00
   5.1000000e+01   0.0000000e+00
   5.9500000e+01   0.0000000e+00
   5.4000000e+01   0.0000000e+00
   5.8000000e+01   1.0000000e+00
   5.8000000e+01   1.0000000e+00
   5.2500000e+01   0.0000000e+00
   6.0500000e+01   0.0000000e+00
   5.4500000e+01   0.0000000e+00
   4.6500000e+01   0.0000000e+00
   5.6500000e+01   0.0000000e+00
   5.5000000e+01   1.0000000e+00
   5.7000000e+01   1.0000000e+00
   5.4500000e+01   0.0000000e+00
   5.4000000e+01   0.0000000e+00
   5.3000000e+01   1.0000000e+00
   5.7000000e+01   1.0000000e+00
   5.9000000e+01   0.0000000e+00
   5.5000000e+01   1.0000000e+00
   5.5500000e+01   0.0000000e+00
   5.1500000e+01   0.0000000e+00
   6.1000000e+01   0.0000000e+00
   6.3500000e+01   1.0000000e+00
   5.7500000e+01   1.0000000e+00
   5.3000000e+01   1.0000000e+00
   5.6500000e+01   0.0000000e+00
   5.4000000e+01   1.0000000e+00
   5.2000000e+01   1.0000000e+00
   5.3000000e+01   1.0000000e+00
   6.1500000e+01   0.0000000e+00
   5.8500000e+01   1.0000000e+00
   5.2000000e+01   0.0000000e+00
   5.8000000e+01   1.0000000e+00
   6.1000000e+01   0.0000000e+00
   5.1000000e+01   1.0000000e+00
   6.2000000e+01   0.0000000e+00
   6.4500000e+01   1.0000000e+00
   5.8500000e+01   1.0000000e+00
   5.2500000e+01   1.0000000e+00
   5.8000000e+01   0.0000000e+00
   6.6000000e+01   0.0000000e+00
   6.3500000e+01   1.0000000e+00
   6.4000000e+01   0.0000000e+00
   5.8500000e+01   1.0000000e+00
   6.4000000e+01   1.0000000e+00
   6.0500000e+01   0.0000000e+00
   5.5000000e+01   0.0000000e+00
   5.3000000e+01   1.0000000e+00
   4.8000000e+01   1.0000000e+00
   5.8500000e+01   0.0000000e+00
   6.4500000e+01   0.0000000e+00
   6.0500000e+01   1.0000000e+00
   5.6000000e+01   1.0000000e+00
   5.8500000e+01   0.0000000e+00
   5.4000000e+01   0.0000000e+00
   5.8000000e+01   0.0000000e+00
   6.4500000e+01   1.0000000e+00
   5.0500000e+01   1.0000000e+00
   6.0000000e+01   0.0000000e+00
   5.1500000e+01   1.0000000e+00
   5.9000000e+01   1.0000000e+00
   5.3000000e+01   1.0000000e+00
   5.3000000e+01   1.0000000e+00
   5.3500000e+01   1.0000000e+00
   5.2000000e+01   1.0000000e+00
   6.4000000e+01   0.0000000e+00
   6.3000000e+01   1.0000000e+00
   5.8000000e+01   0.0000000e+00
   5.8500000e+01   0.0000000e+00
   5.9500000e+01   0.0000000e+00
   5.1000000e+01   0.0000000e+00
   5.7500000e+01   0.0000000e+00
   4.7000000e+01   1.0000000e+00
   5.5500000e+01   0.0000000e+00
   5.7000000e+01   0.0000000e+00
   6.1000000e+01   1.0000000e+00
   5.5500000e+01   1.0000000e+00
   5.3500000e+01   1.0000000e+00
   5.0000000e+01   0.0000000e+00
   6.1500000e+01   0.0000000e+00
   6.1500000e+01   1.0000000e+00
   5.5000000e+01   1.0000000e+00
   5.8000000e+01   1.0000000e+00
   5.6500000e+01   0.0000000e+00
   5.7000000e+01   1.0000000e+00
   5.2000000e+01   1.0000000e+00
   5.2500000e+01   1.0000000e+00
   6.2500000e+01   0.0000000e+00
   6.5000000e+01   1.0000000e+00
   5.0000000e+01   0.0000000e+00
   5.7500000e+01   1.0000000e+00
   5.6500000e+01   1.0000000e+00
   5.7500000e+01   0.0000000e+00
   5.4000000e+01   0.0000000e+00
   5.9500000e+01   1.0000000e+00
   5.9500000e+01   0.0000000e+00
   5.8000000e+01   1.0000000e+00
   5.7000000e+01   0.0000000e+00
   5.5000000e+01   0.0000000e+00
   6.0000000e+01   0.0000000e+00
   5.6500000e+01   1.0000000e+00
   6.0000000e+01   1.0000000e+00
   5.9000000e+01   0.0000000e+00
   6.3000000e+01   0.0000000e+00
   5.9000000e+01   0.0000000e+00
   5.3000000e+01   0.0000000e+00
   6.1500000e+01   0.0000000e+00
   4.8000000e+01   0.0000000e+00
   6.3000000e+01   0.0000000e+00
   5.5500000e+01   1.0000000e+00
   6.4500000e+01   0.0000000e+00
   5.9000000e+01   0.0000000e+00
   5.8500000e+01   0.0000000e+00
   4.6000000e+01   0.0000000e+00
   6.2000000e+01   1.0000000e+00
   5.3000000e+01   0.0000000e+00
   4.9500000e+01   1.0000000e+00
   6.8000000e+01   1.0000000e+00
   5.9500000e+01   1.0000000e+00
   5.5500000e+01   1.0000000e+00
   5.5000000e+01   0.0000000e+00
   5.1500000e+01   0.0000000e+00
   5.6000000e+01   1.0000000e+00
   6.3000000e+01   0.0000000e+00
   4.8000000e+01   0.0000000e+00
   5.6500000e+01   1.0000000e+00
   5.9000000e+01   0.0000000e+00
   6.0500000e+01   1.0000000e+00
   6.5000000e+01   0.0000000e+00
   5.5000000e+01   0.0000000e+00
   5.5000000e+01   1.0000000e+00
   5.1000000e+01   0.0000000e+00
   5.2500000e+01   1.0000000e+00
   6.4000000e+01   0.0000000e+00
   5.9000000e+01   0.0000000e+00
   5.3500000e+01   0.0000000e+00
   6.0500000e+01   1.0000000e+00
   5.9500000e+01   1.0000000e+00
   5.6500000e+01   0.0000000e+00
   6.3000000e+01   0.0000000e+00
   5.6500000e+01   0.0000000e+00
   6.1500000e+01   0.0000000e+00
   5.2000000e+01   0.0000000e+00
   5.7000000e+01   1.0000000e+00
   6.3500000e+01   1.0000000e+00
   6.3000000e+01   0.0000000e+00
   6.5000000e+01   1.0000000e+00
   6.1500000e+01   1.0000000e+00
   6.2000000e+01   0.0000000e+00
   5.5000000e+01   0.0000000e+00
   5.1000000e+01   0.0000000e+00
   5.4000000e+01   1.0000000e+00
   5.7000000e+01   1.0000000e+00
   5.6000000e+01   0.0000000e+00
   6.1500000e+01   1.0000000e+00
   5.3000000e+01   1.0000000e+00
   5.9000000e+01   1.0000000e+00
   5.6000000e+01   1.0000000e+00
   5.9000000e+01   0.0000000e+00
   5.2500000e+01   0.0000000e+00
   5.2500000e+01   0.0000000e+00
   5.0000000e+01   0.0000000e+00
   5.9500000e+01   1.0000000e+00
   6.4000000e+01   1.0000000e+00
   6.1000000e+01   0.0000000e+00
   5.7500000e+01   1.0000000e+00
   6.0000000e+01   1.0000000e+00
   5.5000000e+01   0.0000000e+00
   5.6000000e+01   1.0000000e+00
   5.1000000e+01   1.0000000e+00
   5.9500000e+01   0.0000000e+00
   5.0500000e+01   1.0000000e+00
   5.7500000e+01   0.0000000e+00
   5.4000000e+01   1.0000000e+00
   5.7000000e+01   1.0000000e+00
   5.8000000e+01   0.0000000e+00
   6.0000000e+01   0.0000000e+00
   4.9000000e+01   0.0000000e+00
   5.7000000e+01   0.0000000e+00
   5.2000000e+01   1.0000000e+00
   5.2000000e+01   0.0000000e+00
   5.9500000e+01   1.0000000e+00
   5.8000000e+01   0.0000000e+00
   6.4000000e+01   0.0000000e+00
   5.7000000e+01   0.0000000e+00
   5.3000000e+01   1.0000000e+00
   6.2000000e+01   1.0000000e+00
   5.3000000e+01   1.0000000e+00
   5.6500000e+01   0.0000000e+00
   5.7000000e+01   1.0000000e+00
   4.8000000e+01   1.0000000e+00
   4.9500000e+01   1.0000000e+00
   5.1000000e+01   1.0000000e+00
   5.9500000e+01   0.0000000e+00
   5.6000000e+01   1.0000000e+00
   5.4000000e+01   0.0000000e+00
   5.7500000e+01   0.0000000e+00
   5.5500000e+01   0.0000000e+00
   5.0000000e+01   1.0000000e+00
   6.0000000e+01   0.0000000e+00
   5.7000000e+01   0.0000000e+00
   6.9000000e+01   1.0000000e+00
   6.4000000e+01   1.0000000e+00
   6.3000000e+01   1.0000000e+00
   5.8000000e+01   0.0000000e+00
   6.6500000e+01   1.0000000e+00
   6.0500000e+01   0.0000000e+00
   5.7000000e+01   1.0000000e+00
   6.4000000e+01   1.0000000e+00
   6.1000000e+01   0.0000000e+00
   6.8500000e+01   1.0000000e+00
   6.9500000e+01   1.0000000e+00
   7.2000000e+01   1.0000000e+00
   7.1000000e+01   1.0000000e+00
   6.3000000e+01   0.0000000e+00
   6.1500000e+01   0.0000000e+00
   6.3500000e+01   0.0000000e+00
   6.2000000e+01   1.0000000e+00
   6.5000000e+01   0.0000000e+00
   6.1000000e+01   1.0000000e+00
   6.3000000e+01   0.0000000e+00
   6.6000000e+01   1.0000000e+00
   6.8000000e+01   1.0000000e+00
   6.6000000e+01   0.0000000e+00
   7.2000000e+01   1.0000000e+00
   6.6000000e+01   1.0000000e+00
   6.7000000e+01   0.0000000e+00
   6.4000000e+01   0.0000000e+00
   6.0500000e+01   0.0000000e+00
   6.3000000e+01   1.0000000e+00
   6.4000000e+01   0.0000000e+00
   6.0500000e+01   1.0000000e+00
   6.2000000e+01   1.0000000e+00
   6.0000000e+01   1.0000000e+00
   6.4500000e+01   1.0000000e+00
   6.7000000e+01   1.0000000e+00
   6.1500000e+01   0.0000000e+00
   6.6000000e+01   1.0000000e+00
   6.0000000e+01   0.0000000e+00
   6.4000000e+01   0.0000000e+00
   6.8500000e+01   1.0000000e+00
   6.7000000e+01   1.0000000e+00
   6.7000000e+01   1.0000000e+00
   6.6000000e+01   0.0000000e+00
   6.2500000e+01   1.0000000e+00
   6.1000000e+01   1.0000000e+00
   6.2000000e+01   1.0000000e+00
   6.6500000e+01   1.0000000e+00
   6.0000000e+01   0.0000000e+00
   6.4000000e+01   0.0000000e+00
   6.2000000e+01   0.0000000e+00
   5.8000000e+01   0.0000000e+00
   6.8500000e+01   1.0000000e+00
   6.1500000e+01   1.0000000e+00
   6.4500000e+01   1.0000000e+00
   6.7000000e+01   1.0000000e+00
   6.8500000e+01   1.0000000e+00
   6.1000000e+01   0.0000000e+00
   6.5000000e+01   1.0000000e+00
   7.0000000e+01   1.0000000e+00
   6.0000000e+01   1.0000000e+00
   7.2000000e+01   1.0000000e+00
   5.9000000e+01   0.0000000e+00
   6.9000000e+01   1.0000000e+00
   6.7500000e+01   1.0000000e+00
   6.5500000e+01   0.0000000e+00
   6.5500000e+01   1.0000000e+00
   6.4500000e+01   1.0000000e+00
   6.2000000e+01   0.0000000e+00
   6.5500000e+01   0.0000000e+00
   6.7500000e+01   1.0000000e+00
   6.8000000e+01   0.0000000e+00
   6.3500000e+01   0.0000000e+00
   5.8500000e+01   1.0000000e+00
   6.5500000e+01   0.0000000e+00
   6.5000000e+01   0.0000000e+00
   7.0500000e+01   1.0000000e+00
   6.3000000e+01   1.0000000e+00
   6.3500000e+01   0.0000000e+00
   6.6000000e+01   0.0000000e+00
   6.3000000e+01   0.0000000e+00
   6.7500000e+01   1.0000000e+00
   6.1500000e+01   0.0000000e+00
   6.0000000e+01   0.0000000e+00
   6.4500000e+01   1.0000000e+00
   6.8500000e+01   1.0000000e+00
   6.4500000e+01   1.0000000e+00
   6.1000000e+01   0.0000000e+00
   5.7000000e+01   0.0000000e+00
   6.2500000e+01   1.0000000e+00
   5.8000000e+01   0.0000000e+00
   6.2500000e+01   0.0000000e+00
   7.2500000e+01   1.0000000e+00
   6.5500000e+01   1.0000000e+00
   6.9500000e+01   0.0000000e+00
   6.6500000e+01   1.0000000e+00
   5.9000000e+01   0.0000000e+00
   6.8000000e+01   1.0000000e+00
   6.7000000e+01   0.0000000e+00
   6.3000000e+01   0.0000000e+00
   6.4500000e+01   0.0000000e+00
   6.2000000e+01   0.0000000e+00
   6.2000000e+01   0.0000000e+00
   6.6000000e+01   1.0000000e+00
   6.2000000e+01   0.0000000e+00
   6.2500000e+01   0.0000000e+00
   5.7000000e+01   0.0000000e+00
   6.8500000e+01   1.0000000e+00
   5.9000000e+01   0.0000000e+00
   6.1500000e+01   0.0000000e+00
   6.5000000e+01   1.0000000e+00
   6.6500000e+01   1.0000000e+00
   6.5000000e+01   0.0000000e+00
   6.8000000e+01   1.0000000e+00
   6.7000000e+01   0.0000000e+00
   6.4500000e+01   1.0000000e+00
   7.0000000e+01   1.0000000e+00
   6.0000000e+01   1.0000000e+00
   6.4000000e+01   0.0000000e+00
   6.2500000e+01   1.0000000e+00
   6.1000000e+01   0.0000000e+00
   6.4000000e+01   0.0000000e+00
   6.5500000e+01   1.0000000e+00
   6.1000000e+01   0.0000000e+00
   6.5400000e+01   0.0000000e+00
   6.3500000e+01   0.0000000e+00
   6.7500000e+01   0.0000000e+00
   6.6000000e+01   1.0000000e+00
   6.2000000e+01   0.0000000e+00
   6.1500000e+01   0.0000000e+00
   6.9000000e+01   1.0000000e+00
   6.6000000e+01   0.0000000e+00
   6.6000000e+01   0.0000000e+00
   6.9000000e+01   1.0000000e+00
   7.1000000e+01   1.0000000e+00
   6.0500000e+01   1.0000000e+00
   5.8000000e+01   1.0000000e+00
   6.3000000e+01   0.0000000e+00
   6.9000000e+01   1.0000000e+00
   5.9500000e+01   1.0000000e+00
   6.4000000e+01   1.0000000e+00
   7.4000000e+01   1.0000000e+00
   6.4500000e+01   0.0000000e+00
   7.0000000e+01   1.0000000e+00
   6.7000000e+01   1.0000000e+00
   6.4500000e+01   1.0000000e+00
   6.5000000e+01   0.0000000e+00
   6.2500000e+01   0.0000000e+00
   6.8000000e+01   1.0000000e+00
   6.8500000e+01   1.0000000e+00
   6.7500000e+01   1.0000000e+00
   6.0000000e+01   1.0000000e+00
   6.8000000e+01   1.0000000e+00
   6.5000000e+01   1.0000000e+00
   6.4000000e+01   1.0000000e+00
   7.3000000e+01   1.0000000e+00
   5.9000000e+01   0.0000000e+00
   7.0500000e+01   1.0000000e+00
   6.6000000e+01   1.0000000e+00
   6.1500000e+01   0.0000000e+00
   6.7000000e+01   0.0000000e+00
   6.2500000e+01   0.0000000e+00
   5.2500000e+01   1.0000000e+00
   7.2000000e+01   1.0000000e+00
   7.1000000e+01   0.0000000e+00
   6.5500000e+01   1.0000000e+00
   6.0000000e+01   0.0000000e+00
   6.0000000e+01   0.0000000e+00
   6.0500000e+01   1.0000000e+00
   5.9000000e+01   1.0000000e+00
   6.8000000e+01   0.0000000e+00
   6.2000000e+01   0.0000000e+00
   6.4500000e+01   0.0000000e+00
   6.3000000e+01   0.0000000e+00
   6.6000000e+01   0.0000000e+00
   6.7000000e+01   0.0000000e+00
   5.7000000e+01   1.0000000e+00
   6.3000000e+01   0.0000000e+00
   6.2000000e+01   0.0000000e+00
   6.5000000e+01   0.0000000e+00
   6.8500000e+01   1.0000000e+00
   6.9000000e+01   1.0000000e+00
   7.1000000e+01   1.0000000e+00
   5.8000000e+01   0.0000000e+00
   6.3500000e+01   0.0000000e+00
   6.6500000e+01   1.0000000e+00
   6.7000000e+01   1.0000000e+00
   6.4000000e+01   0.0000000e+00
   6.1000000e+01   0.0000000e+00
   6.7000000e+01   0.0000000e+00
   6.7500000e+01   0.0000000e+00
   6.8000000e+01   0.0000000e+00
   6.6500000e+01   0.0000000e+00
   6.7000000e+01   1.0000000e+00
   6.0500000e+01   0.0000000e+00
   7.0000000e+01   1.0000000e+00
   6.3500000e+01   0.0000000e+00
   6.5000000e+01   0.0000000e+00
   6.3000000e+01   0.0000000e+00
   6.1000000e+01   1.0000000e+00
   6.5500000e+01   1.0000000e+00
   6.7500000e+01   1.0000000e+00
   6.1000000e+01   0.0000000e+00
   6.3000000e+01   0.0000000e+00
   6.3500000e+01   1.0000000e+00
   7.0000000e+01   1.0000000e+00
   7.1500000e+01   1.0000000e+00
   6.5500000e+01   0.0000000e+00
   7.4000000e+01   1.0000000e+00
   6.8000000e+01   1.0000000e+00
   6.1000000e+01   0.0000000e+00
   6.1000000e+01   1.0000000e+00
   6.1000000e+01   1.0000000e+00
   6.1500000e+01   0.0000000e+00
   6.7000000e+01   0.0000000e+00
   6.3000000e+01   1.0000000e+00
   6.7500000e+01   1.0000000e+00
   7.0500000e+01   1.0000000e+00
   7.0500000e+01   1.0000000e+00
   6.2000000e+01   0.0000000e+00
   6.2000000e+01   0.0000000e+00
   6.1500000e+01   0.0000000e+00
   6.2000000e+01   1.0000000e+00
   6.0500000e+01   0.0000000e+00
   6.2500000e+01   0.0000000e+00
   6.3000000e+01   0.0000000e+00
   6.3000000e+01   0.0000000e+00
   6.2000000e+01   0.0000000e+00
   6.5500000e+01   1.0000000e+00
   6.5000000e+01   1.0000000e+00
   7.0000000e+01   1.0000000e+00
   6.6000000e+01   1.0000000e+00
   6.3000000e+01   0.0000000e+00
   6.8000000e+01   1.0000000e+00
   5.9000000e+01   1.0000000e+00
   6.8500000e+01   1.0000000e+00
   6.3000000e+01   0.0000000e+00
   6.3000000e+01   1.0000000e+00
   6.6000000e+01   0.0000000e+00
   6.2000000e+01   0.0000000e+00
   6.8000000e+01   1.0000000e+00
   7.2500000e+01   1.0000000e+00
   6.4000000e+01   1.0000000e+00
   6.5500000e+01   1.0000000e+00
   6.1500000e+01   0.0000000e+00
   5.7000000e+01   1.0000000e+00
   6.4000000e+01   0.0000000e+00
   6.6000000e+01   1.0000000e+00
   6.4500000e+01   1.0000000e+00
   6.7000000e+01   1.0000000e+00
   7.2000000e+01   1.0000000e+00
   6.5000000e+01   0.0000000e+00
   6.3000000e+01   0.0000000e+00
   6.2000000e+01   0.0000000e+00
   7.1000000e+01   1.0000000e+00
   6.1000000e+01   1.0000000e+00
   6.5500000e+01   0.0000000e+00
   6.2000000e+01   0.0000000e+00
   6.5500000e+01   0.0000000e+00
   7.0500000e+01   1.0000000e+00
   6.2000000e+01   1.0000000e+00
   6.5500000e+01   0.0000000e+00
   6.5000000e+01   1.0000000e+00
   6.1000000e+01   1.0000000e+00
   6.9500000e+01   1.0000000e+00
   6.5000000e+01   0.0000000e+00
   6.5500000e+01   1.0000000e+00
   6.3500000e+01   0.0000000e+00
   6.0500000e+01   1.0000000e+00
   6.5000000e+01   1.0000000e+00
   6.7000000e+01   1.0000000e+00
   6.3500000e+01   0.0000000e+00
   5.9500000e+01   0.0000000e+00
   6.3500000e+01   0.0000000e+00
   6.1000000e+01   0.0000000e+00
   6.6000000e+01   1.0000000e+00
   6.4000000e+01   1.0000000e+00
   6.2000000e+01   0.0000000e+00
   6.0500000e+01   0.0000000e+00
   7.1000000e+01   1.0000000e+00
   6.4500000e+01   0.0000000e+00
   6.1000000e+01   0.0000000e+00
   6.2500000e+01   0.0000000e+00
   6.4500000e+01   0.0000000e+00
   6.8000000e+01   1.0000000e+00
   6.8500000e+01   1.0000000e+00
   6.2000000e+01   0.0000000e+00
   6.0000000e+01   0.0000000e+00
   5.9500000e+01   1.0000000e+00
   6.1000000e+01   0.0000000e+00
   6.3000000e+01   0.0000000e+00
   6.7500000e+01   0.0000000e+00
   6.9000000e+01   1.0000000e+00
   6.8000000e+01   1.0000000e+00
   5.8000000e+01   1.0000000e+00
   6.5000000e+01   0.0000000e+00
   6.9000000e+01   1.0000000e+00
   7.0000000e+01   1.0000000e+00
   7.1000000e+01   1.0000000e+00
   6.6000000e+01   0.0000000e+00
   7.2000000e+01   1.0000000e+00
   6.6000000e+01   0.0000000e+00
   6.8000000e+01   1.0000000e+00
   7.0000000e+01   1.0000000e+00
   6.7500000e+01   1.0000000e+00
   7.0000000e+01   1.0000000e+00
   6.4000000e+01   0.0000000e+00
   6.6000000e+01   0.0000000e+00
   6.2000000e+01   0.0000000e+00
   6.5500000e+01   0.0000000e+00
   6.4500000e+01   0.0000000e+00
   6.6500000e+01   0.0000000e+00
   6.7000000e+01   1.0000000e+00
   6.3000000e+01   0.0000000e+00
   6.4000000e+01   0.0000000e+00
   6.9000000e+01   1.0000000e+00
   7.1000000e+01   1.0000000e+00
   6.8000000e+01   1.0000000e+00
   7.0500000e+01   1.0000000e+00
   6.7000000e+01   1.0000000e+00
   6.9000000e+01   1.0000000e+00
   6.2000000e+01   0.0000000e+00
   6.7500000e+01   0.0000000e+00
   7.3000000e+01   1.0000000e+00
   6.4000000e+01   0.0000000e+00
   6.8500000e+01   0.0000000e+00
   6.2000000e+01   0.0000000e+00
   7.3500000e+01   1.0000000e+00
   6.6500000e+01   1.0000000e+00
   6.7000000e+01   1.0000000e+00
   6.3000000e+01   0.0000000e+00
   6.9500000e+01   1.0000000e+00
   7.0000000e+01   1.0000000e+00
   6.6000000e+01   1.0000000e+00
   6.6000000e+01   0.0000000e+00
   6.3000000e+01   0.0000000e+00
   7.0500000e+01   1.0000000e+00
   6.0000000e+01   0.0000000e+00
   7.2000000e+01   1.0000000e+00
   7.0000000e+01   1.0000000e+00
   7.2000000e+01   1.0000000e+00
   6.7000000e+01   1.0000000e+00
   6.8000000e+01   1.0000000e+00
   6.0000000e+01   0.0000000e+00
   6.3000000e+01   0.0000000e+00
   6.6500000e+01   0.0000000e+00
