   7.6000000e+01   2.4000000e+01
   7.0000000e+01   3.0000000e+01
   6.7000000e+01   3.3000000e+01
   6.8000000e+01   3.2000000e+01
   6.5000000e+01   3.5000000e+01
   6.5000000e+01   3.5000000e+01
   7.3000000e+01   2.7000000e+01
   6.9000000e+01   3.1000000e+01
   7.5000000e+01   2.5000000e+01
   7.7000000e+01   2.3000000e+01
   6.5000000e+01   3.5000000e+01
   7.0000000e+01   3.0000000e+01
   7.0000000e+01   3.0000000e+01
   6.5000000e+01   3.5000000e+01
   6.7000000e+01   3.3000000e+01
   6.8000000e+01   3.2000000e+01
   6.4000000e+01   3.6000000e+01
   6.5000000e+01   3.5000000e+01
   6.9000000e+01   3.1000000e+01
   7.3000000e+01   2.7000000e+01
