   0.0000000e+00   5.0000000e-01   1.0000000e+00   1.5000000e+00   2.0000000e+00   2.5000000e+00   3.0000000e+00   3.5000000e+00   4.0000000e+00   4.5000000e+00   5.0000000e+00   5.5000000e+00   6.0000000e+00   6.5000000e+00   7.0000000e+00   7.5000000e+00   8.0000000e+00   8.5000000e+00   9.0000000e+00   9.5000000e+00   1.0000000e+01   1.0500000e+01   1.1000000e+01   1.1500000e+01   1.2000000e+01   1.2500000e+01   1.3000000e+01   1.3500000e+01   1.4000000e+01   1.4500000e+01   1.5000000e+01
   3.8443254e+00  -3.5291430e+00   3.7663210e+00   4.1155791e+00   2.4266960e+00  -4.2449402e+00  -1.7995856e+00  -1.0234346e+00  -3.9522370e+00   4.0978356e+00  -9.6042713e+00   9.9349297e+00  -3.6798616e+00   7.6426820e+00   6.4736277e+00  -5.1545697e+00   1.6465698e+00   4.0472559e+00  -7.2679213e+00  -5.0043422e+00  -5.3994075e+00  -2.2020119e-01   5.6304322e+00   4.2031014e+00  -1.9868597e+00  -3.8743112e+00  -2.0937589e+00  -6.2606290e+00   1.1790147e+00   3.8259349e+00   2.7524243e+00
   9.0074908e-01  -9.0630029e-01  -1.4912829e+00   1.9488281e+00  -2.5968891e+00  -6.3659924e+00  -4.8533539e+00   6.7449635e-02  -1.3130018e+01   8.0241351e+00  -5.9355825e+00   7.3679138e+00   2.3214759e+00  -4.3701054e+00  -6.8976129e+00   2.8338626e+00   1.0407867e+01   2.0512475e+00   3.8758179e+00  -7.3516401e+00   5.2560552e+00   7.1622197e+00   2.1600489e+00   4.9365348e-01  -1.9177156e+00  -3.7774788e+00   4.3303634e-01   1.1898846e-01   9.6571016e-01  -4.2802225e+00  -4.2649849e+00
   6.4690673e+00   3.3005227e+00  -6.0990195e+00  -1.1379793e+01   3.3267547e+00   1.2365670e+00  -9.0338852e+00  -2.9024524e-02  -9.2870539e-01   6.5226420e+00  -1.2421246e+01  -5.1786667e+00  -1.1204892e+00   2.7955574e+00  -2.5896940e+00  -3.6670290e+00  -8.4545977e-02   7.1299140e+00   9.4523728e+00   5.8285080e+00   6.3000888e+00   8.3501564e-01  -3.3277600e+00  -3.5628617e+00  -5.7190939e-01  -3.5768369e+00   2.5800194e+00   6.1904413e+00  -2.7208658e+00   1.7391085e+00   1.1301084e+00
  -1.5572449e-01   5.2157489e+00   7.3658268e-01   5.1099240e+00   5.9549216e+00  -1.3378824e+00  -9.4044046e+00   9.5682773e-01  -4.2695218e+00   4.0232052e+00   3.6296041e+00   5.4735523e+00   2.5254705e+00   1.0423042e-01   2.4938627e+00   4.8860992e+00  -2.8633067e+00  -1.0781284e+00  -5.7922938e-01  -1.1171834e+01   1.3476611e+00  -5.9687275e+00   5.6657971e+00   5.3897387e+00  -3.8565588e+00   5.7965919e+00  -9.1201649e+00   1.7096820e+00  -5.6253455e+00   2.1282364e+00   4.2872859e-01
  -5.4912894e+00   9.1712155e+00  -1.3233845e-03   7.0733000e-01   8.5881516e+00   1.6592931e+00  -1.0571015e+01   5.3932701e+00  -2.8809692e+00   2.3183076e+00  -9.4806180e+00   5.0037576e+00   1.5959097e+00   4.9365079e+00   2.8989128e+00  -4.9449877e+00   3.5425774e-01  -1.2513793e+00  -4.9904807e-01   9.8485568e+00  -7.8686556e+00  -3.6166508e+00   9.1873774e-01  -6.1845520e+00  -1.1169605e+01   1.8065262e+00  -4.0549579e+00   1.5042479e+00  -1.7992627e+00  -2.7988393e+00   1.0476886e+00
  -5.0684414e+00  -5.4105660e+00  -5.5266014e+00   9.3864001e-01   5.5843077e+00   8.5596688e-01   7.4904244e+00   1.0929603e+00  -3.2534189e-01   3.3853970e+00  -8.2370360e+00   5.5249673e+00  -1.8508782e+00  -4.1497220e+00   5.8535214e-02   8.2998201e-01   2.2820528e+00  -6.7161712e+00  -1.3356407e+00  -1.2431055e-01   2.0499307e-01  -3.6164677e-01   3.2491197e+00   4.2081868e-01   6.0122914e+00   1.0244109e+01  -1.5129218e+00  -3.3117004e+00  -1.7428379e+00   1.5827536e-01   7.7151525e+00
  -4.2910068e+00  -5.7302903e+00   3.4709916e+00   6.3277565e+00  -2.3280405e+00   9.9207774e-01  -1.7812539e+01   4.0150008e-02  -4.2215456e+00  -1.9965192e+00  -2.9085517e+00  -3.1919604e+00  -4.6930521e+00   7.1285061e+00   8.8225591e+00   5.1403989e-01  -3.3085948e+00   6.2764360e+00  -1.4295095e+00  -2.8867584e+00   7.5653309e-01   8.3493024e+00  -6.2231215e+00  -2.6793984e+00  -2.4284494e+00  -5.9749631e+00   3.0046511e+00   1.7196067e+00  -1.6322635e+01   4.6314600e-01   4.5120167e+00
  -3.7538806e+00  -5.1549101e+00  -2.8439066e+00   1.0134709e+00   6.6133170e+00  -3.4928112e+00  -9.3975750e-01  -1.5849040e+01   7.5606842e-01  -4.4385393e+00   3.6025665e+00   1.2442569e+00  -2.1243443e+00  -1.7269364e+00  -9.6217516e-01  -5.4867444e+00   1.4263330e+00   1.7661967e+00  -3.6828158e+00  -2.8423624e+00   6.7912366e+00   5.5524334e+00   5.8950131e-01   7.0131529e+00  -3.2731977e+00   2.3816710e+00  -2.2277004e+00   3.0046973e+00  -8.0541793e-01   3.1992972e+00   2.3556131e+00
  -1.4514443e+00  -4.3874557e+00  -5.9126352e+00  -8.1425435e+00  -3.1332388e+00   3.4925023e+00   2.6324430e+00   2.4671792e+00  -5.3742678e+00  -1.8149218e+00  -6.5231266e+00   1.0484890e+01  -2.7902595e+00   5.1057528e+00   1.7818630e+00  -8.1924313e-02   1.1243183e+01  -4.3403161e+00   5.2276730e-01  -6.6926393e-01  -6.2483607e+00  -5.2028234e-01  -1.2920053e+00  -3.7097252e+00  -2.8400548e+00   5.2422267e+00  -5.3248108e+00  -8.1989944e-01  -3.3392172e+00   3.7238083e+00   2.5047487e-01
  -7.3205462e+00  -5.3916750e+00   4.2232863e+00   3.2816917e+00   2.8506239e+00  -8.1446015e+00   7.7551489e-01   6.4359829e-01   3.7218566e+00  -4.7293725e+00  -4.2102051e+00   9.2850138e-01  -1.4126873e+00   1.1043697e+01   1.1404055e+01   1.0220518e+01  -6.3734855e+00   1.8748916e+00   7.5779724e-01   1.1200954e+01   2.9892036e+00   3.8041646e+00  -2.9659611e+00   4.9708301e+00  -1.0369721e+01  -3.5226220e+00   1.3293855e+01   7.0680779e+00  -1.7310057e+00   2.8157577e+00   4.9252524e+00
