   0.0000000e+00   5.0000000e-01   1.0000000e+00   1.5000000e+00   2.0000000e+00   2.5000000e+00   3.0000000e+00   3.5000000e+00   4.0000000e+00   4.5000000e+00   5.0000000e+00   5.5000000e+00   6.0000000e+00   6.5000000e+00   7.0000000e+00   7.5000000e+00   8.0000000e+00   8.5000000e+00   9.0000000e+00   9.5000000e+00   1.0000000e+01   1.0500000e+01   1.1000000e+01   1.1500000e+01   1.2000000e+01   1.2500000e+01   1.3000000e+01   1.3500000e+01   1.4000000e+01   1.4500000e+01   1.5000000e+01
  -2.2085790e+00  -3.9340843e-01   4.9667366e+00  -6.6864455e+00  -7.8498313e-01   4.6319992e+00  -3.9024457e-01  -6.6281163e+00   5.9832172e+00  -2.5659581e+00   3.7074947e-01   6.2250314e+00   6.5286121e+00   2.4105890e+00   1.1235208e+00   3.4206334e-01   1.1984217e+01  -1.1622519e+00   2.6224421e+00   6.3438896e+00   6.4867061e+00  -2.7476635e+00   7.8668117e-01  -8.7836711e+00   1.2542325e+01  -4.3746760e+00   5.2302056e+00  -3.6526726e+00   5.5229357e-01  -2.1973212e+00   4.5876718e+00
   6.6445415e+00  -7.6659835e-01  -1.2588918e+00  -1.4642506e+00  -2.9606582e+00  -9.6356801e+00  -3.1479562e+00  -1.1807327e+01  -1.6571312e+00  -3.0899894e+00   1.4433696e+00  -1.7164931e+00   3.4586497e+00  -3.4878618e+00  -1.7024396e-01   3.7389674e+00   1.3519421e-01   4.4946311e+00   1.0893255e+01   7.2770399e+00   3.2878832e+00  -4.2812441e+00  -9.8995523e+00   1.4635937e+00  -3.7326453e+00   1.9269145e-01  -1.5255325e+00  -4.0471416e+00   7.0842419e+00  -2.6500411e+00   7.4970716e+00
  -9.0789838e-01   8.2833202e-01   1.3336920e+00   1.1054292e+00  -2.7531610e+00   5.5739876e-01   1.7721718e+00  -2.5947900e-01   2.9901796e+00   5.1713354e+00   2.2691053e+00   5.1535535e+00   2.8923396e+00   4.4511119e+00   6.0414307e+00   2.2055062e+00   1.0249984e+01   9.9243381e+00   4.2110666e+00  -1.5903567e-01   3.7966954e+00   5.8234160e+00   7.2125450e+00  -4.1457615e+00   2.6789622e+00   4.6519554e+00   1.4391916e+00  -1.8249965e+00   7.8406100e+00  -4.0312452e+00   3.1485601e+00
   7.0581655e+00  -6.5641808e-02   1.7399601e+00   5.8969548e+00  -5.3048318e+00  -3.1685695e+00   4.2486250e+00   2.9624531e+00  -3.3278235e+00  -4.8939852e+00  -7.3241988e-01  -1.0785736e+00   4.2779654e+00   1.0665811e+00   8.8316284e-01   1.2732051e+01   3.7335275e+00   9.1822922e+00   1.6923380e+01   5.5438149e+00   4.8004103e+00  -9.8688952e+00  -4.9798431e-01   1.9010532e+00   1.8814212e+00  -5.8403163e-01   2.9143511e+00   3.1561912e+00  -4.8286143e+00   5.1185561e+00   4.4785308e+00
  -7.3869035e+00   3.1205536e+00  -7.8775549e-01   1.0135213e+01   2.7702317e+00  -1.1863356e+00   4.0223670e+00   2.2105044e+00  -2.1128726e+00   3.7502186e+00   2.4391824e+00  -7.5595111e+00   7.9913160e+00  -4.7630030e+00   7.7682302e+00   8.8727582e+00   2.8245729e+00   5.9677909e-01   1.8169803e+01  -1.2954830e+00   9.9129794e+00  -9.2662712e-01   1.8149010e+00  -3.3892978e+00   3.1212604e+00  -4.8014353e+00  -2.0110438e+00  -1.8232651e+00   1.0423642e+01  -4.0603726e+00   1.7453083e+00
  -8.0092174e+00  -6.8942946e+00   2.1812701e+00   7.1038370e+00  -6.4426895e+00   5.8132557e-01   1.1908872e+00  -1.0374815e+01   9.1281633e-01  -2.6744685e+00   2.0214940e+00   9.5406109e+00   5.8093718e-01   5.1443261e+00   8.8700415e+00  -6.4211964e+00   8.3792304e+00   1.3687908e+01   2.2470533e+00   9.4251761e+00   9.3390663e-01   7.2490636e+00   6.7185544e+00  -5.0772366e-01  -1.0908973e-01  -2.0866166e+00   3.7121689e-01   2.1998214e+00   7.2974321e+00   6.6201245e+00  -1.1042558e+00
   4.8550946e-01   3.7998442e+00   1.4539691e+00   3.2765089e+00  -8.6048426e-01   4.1780721e+00  -5.0547334e+00  -2.5228895e+00  -2.1768674e+00  -2.3389478e+00  -5.5064146e+00  -3.0899525e+00   2.5002297e+00   1.1225120e+01   1.8889769e+00  -1.9103593e+00   2.0788449e+00  -3.4037355e+00   1.3010148e+01   5.5453826e+00   3.7260801e+00  -1.6625107e-01  -3.0369473e+00   6.9858946e+00   8.0669777e+00  -2.1075612e+00   1.5402629e+00  -1.5474292e+00  -8.4598210e+00  -7.2586130e-01  -1.8149585e+00
   6.7356926e+00  -6.5245004e+00  -4.0818193e+00  -4.1859027e+00  -1.4483756e+00  -1.7312802e+00   5.9254282e+00   3.3461763e+00   9.6920474e+00   6.7620854e+00   7.7767734e+00  -1.2596525e+00   4.9548281e+00   4.5894334e+00   8.5933162e+00   6.6906270e+00  -2.1152424e+00   4.0217038e+00   6.2022694e+00   7.3026123e+00   2.0281855e+01   2.2034903e+00  -2.7755861e+00  -8.2038037e+00  -8.0139461e+00  -3.5922729e+00  -2.4940039e+00   2.2897662e+00  -1.5553150e+00  -1.7159272e+00   6.6731779e+00
   8.3225809e+00   1.3800070e+01  -2.0754429e+00   4.0493220e+00  -1.1578146e+00   6.2182859e+00   4.7310051e+00  -4.5891861e+00  -3.7435758e+00   1.1799144e+00   4.4895352e+00   5.1240183e+00   6.8188210e+00   7.9022430e+00   8.3640735e+00   8.4220914e+00   5.0989907e+00   3.7440235e+00   5.6749346e+00   5.0466726e+00  -2.2073278e-01   7.6305668e+00   6.2881971e+00  -1.8099330e+00   3.3035524e+00   4.6770563e+00   1.5332163e+00   2.4604202e+00   6.6686004e-01   1.0414850e+00  -5.5678262e+00
  -7.5427617e+00  -2.2364045e+00  -1.1296065e+01   2.5995164e+00  -5.9861412e+00   8.6624535e+00   6.5492285e+00  -2.9720944e+00   3.7037816e+00   2.8827593e+00  -2.0134144e-01  -9.6246604e+00   6.0091508e+00   5.8141315e+00   2.6715149e+00   5.0833483e+00   3.4667610e+00  -4.2577077e-01   6.7175330e+00   1.2312559e+01   6.5586089e+00   9.8078320e+00   9.3912518e+00   4.3987747e+00  -8.6166054e+00   5.6268649e+00  -2.9981100e+00  -7.0882741e+00   6.9182889e+00  -7.1364397e+00   7.7932425e+00
