   0.0000000e+00   5.0000000e-01   1.0000000e+00   1.5000000e+00   2.0000000e+00   2.5000000e+00   3.0000000e+00   3.5000000e+00   4.0000000e+00   4.5000000e+00   5.0000000e+00   5.5000000e+00   6.0000000e+00   6.5000000e+00   7.0000000e+00   7.5000000e+00   8.0000000e+00   8.5000000e+00   9.0000000e+00   9.5000000e+00   1.0000000e+01   1.0500000e+01   1.1000000e+01   1.1500000e+01   1.2000000e+01   1.2500000e+01   1.3000000e+01   1.3500000e+01   1.4000000e+01   1.4500000e+01   1.5000000e+01
  -2.4678117e+00  -6.2747799e-01   4.9031617e+00  -8.0423840e+00  -1.3504768e+00   3.6827064e+00   1.6720101e+00  -2.7076394e+00   3.6764407e+00  -1.0630497e+01  -1.4576415e+00   4.5150404e+00  -2.0529506e+00   1.4606960e+00  -7.3593083e+00   7.2255030e+00   1.5820556e+01   5.3647656e-01   1.0255042e+01   2.7107240e+00  -4.7724309e+00  -1.4204488e-01   8.2831210e-01  -2.2089649e+00  -5.5118061e+00   9.8527376e+00  -1.1708112e+01   1.3665396e+00  -1.3131502e+00  -1.7884435e+00  -4.1332852e-01
  -1.2964857e+01  -8.9961165e-01   1.6757315e+00  -5.9424044e+00  -4.2190538e+00  -2.2874150e+00  -5.5183612e+00  -1.8651719e+00  -9.3441024e+00   1.2559351e+00   1.6622553e-01   6.5066819e+00  -3.5276649e-01   4.7895312e+00   4.7512723e+00  -1.3912377e+00  -5.7952987e-01   9.2868407e+00   2.0105440e+00   2.5949122e+00   6.2795212e+00  -1.6932020e+00   1.2154875e+01  -1.0344875e+00   5.6961882e+00  -2.7719986e+00   6.4805329e+00   3.2898966e+00   8.1444992e+00   4.7607930e+00  -1.3530308e+00
   7.9274649e+00   1.4145111e+00  -5.7500212e+00  -2.3718036e+00   4.7899298e-01   4.3333140e+00  -2.8418390e+00  -6.4952559e+00   1.1710544e+01   3.9713386e+00   6.3947921e+00   6.5615041e+00   5.3806378e-02   2.8405440e-01  -1.9590595e+00   1.2724405e+01  -5.1902818e+00   4.3289702e-01   1.5728908e+00   4.3682768e+00   8.1753969e+00  -2.6522362e+00  -2.2064513e+00  -4.3707973e+00   9.4024237e+00   5.6682569e+00  -3.0993034e+00   5.5230404e+00   9.3201209e+00   7.4546107e+00  -4.3241953e+00
  -9.7227720e+00   1.7084159e+00   2.8822773e+00   6.9562965e+00   1.0002376e+00  -3.7991575e+00   7.5732305e+00  -3.2887665e+00  -6.7138939e-01  -6.4512344e+00   1.5008077e+00  -1.0332681e+00   1.3070066e+00   2.4318857e+00   3.9164787e+00   5.1476745e+00   8.8904246e-01  -4.9312860e+00   2.4736511e+00   9.6348770e+00   9.2534880e+00  -1.1280435e+01   6.9522536e-01   1.2750463e-01   8.4773038e+00  -7.0937179e-01  -6.4039125e+00  -6.9469838e+00  -1.3633801e+00  -5.0755262e+00  -1.2069094e+00
   1.3706405e+00  -2.8519430e+00   1.2060201e+01   2.0815583e-02  -1.5752472e+00  -2.2750983e+00  -2.4646876e-01  -9.5647932e-01   5.4508467e+00  -5.1532124e+00   3.9819006e+00   6.2600815e+00   8.8533076e+00   6.7336638e+00   1.8741215e+00   1.0092680e+01   1.0887948e+01   1.1505835e-01  -3.5634482e+00   9.7257256e+00   1.5974275e+00  -3.9879327e-01  -7.4933285e+00   7.2264213e+00   6.9061894e+00   8.7167028e+00  -8.8841925e+00  -7.5197288e+00  -4.3856427e+00  -9.4193979e+00  -6.0986529e+00
  -3.2614516e+00   3.5424172e+00  -4.2011336e+00  -5.9843921e+00  -1.4935626e-01  -2.8291928e+00  -3.8919320e+00  -3.6996514e+00  -3.0851098e+00  -9.5301822e+00   4.0764260e+00   4.5609531e+00   1.1396479e+01   4.7040659e+00   3.5651332e+00   5.7607305e+00   4.7418153e+00  -3.9506416e+00   7.6618589e+00  -1.0451116e+00  -1.2416671e+00   7.9229921e+00  -2.4772806e+00  -1.9838759e+00  -2.2906148e+00   8.0898915e+00   2.9783512e+00  -1.0561775e+00   2.4667689e+00  -1.4016986e+01  -3.9711487e+00
  -1.0029739e+00  -5.2168770e+00  -4.4863259e+00  -9.8556926e+00  -1.2118399e+00   3.2298257e+00   2.8737363e+00   9.5180803e+00  -1.0976984e+00   1.4480204e+00  -2.9210827e+00   5.8639350e+00   2.0021444e+00   2.9453192e+00   1.5189113e+00   3.2726852e+00   1.6644127e-01   7.9141328e+00   1.0522162e+01   6.9701198e+00   6.1440251e+00   3.6908044e+00   2.1854658e+00  -3.7589670e+00   2.8590827e+00  -2.6234822e+00  -5.4002598e+00   5.4112740e+00  -9.8314014e+00  -7.6241529e+00   2.0215265e+00
  -1.7208272e+00  -3.8554592e+00  -4.1718331e+00   4.1556887e+00  -7.7328965e-01   6.9475574e+00  -1.8037247e+00  -1.0384078e+01  -1.1105276e+01  -6.7079486e+00  -4.1287711e-01  -1.5897255e+00   3.6856673e+00  -1.9997921e+00  -3.1042604e+00   1.1418269e+01   2.3732302e+00   6.4593654e+00  -8.3286488e+00   2.3205830e+00   7.2489544e+00  -4.9811754e-01   5.4326044e+00  -7.9364147e+00  -4.6034481e+00  -1.5825566e+00   1.1862507e+00   1.9014840e+00  -2.4614974e+00   2.9729328e+00   3.1152660e+00
   3.2868996e+00   2.9482723e+00   4.5611192e+00   1.2183966e+00  -4.2775229e+00  -3.5587114e+00   1.0068083e+00   5.7855468e+00   1.4218317e+00   3.8941033e+00  -8.0995971e-01  -9.4455091e-01   1.8370579e+00   3.7046698e+00   1.0550214e+01  -7.2700506e+00   1.2266415e+00   6.7665032e+00   1.4321544e+01   7.4293713e-01  -2.6042548e+00   2.2732012e+00   1.8892901e+00   6.7506369e+00  -6.6315411e+00  -3.2773797e+00   6.8207407e+00   1.0825084e+01  -3.4498031e-01  -9.2106549e+00  -7.4348289e-01
   6.9317565e+00   1.3345007e+00  -7.3445528e+00  -3.9798208e+00   6.8533716e-01  -7.9228895e+00  -5.3851864e+00   4.6990564e+00  -2.5778764e-01  -6.0289318e+00   5.4942804e+00  -6.4331987e+00  -1.2956934e+00   3.1749485e+00   1.1757593e+01  -4.6810043e+00  -5.3002807e+00  -1.0137559e+00   3.9551904e+00   3.3355296e-01  -4.8052814e+00   2.3976916e+00   3.1609958e+00   2.1063748e-01  -3.1992799e+00  -5.8311953e-01  -9.8394380e-01  -2.6798472e+00   3.4952224e+00  -2.3837989e+00  -4.7594863e+00
