   4.3000000e+01
   4.5000000e+01
   5.3000000e+01
   5.6000000e+01
   5.6000000e+01
   5.7000000e+01
   5.8000000e+01
   6.6000000e+01
   6.7000000e+01
   7.3000000e+01
   7.4000000e+01
   7.9000000e+01
   8.0000000e+01
   8.0000000e+01
   8.1000000e+01
   8.1000000e+01
   8.1000000e+01
   8.2000000e+01
   8.3000000e+01
   8.3000000e+01
   8.4000000e+01
   8.8000000e+01
   8.9000000e+01
   9.1000000e+01
   9.1000000e+01
   9.2000000e+01
   9.2000000e+01
   9.7000000e+01
   9.9000000e+01
   9.9000000e+01
   1.0000000e+02
   1.0000000e+02
   1.0100000e+02
   1.0200000e+02
   1.0200000e+02
   1.0200000e+02
   1.0300000e+02
   1.0400000e+02
   1.0700000e+02
   1.0800000e+02
   1.0900000e+02
   1.1300000e+02
   1.1400000e+02
   1.1800000e+02
   1.2100000e+02
   1.2300000e+02
   1.2600000e+02
   1.2800000e+02
   1.3700000e+02
   1.3800000e+02
   1.3900000e+02
   1.4400000e+02
   1.4500000e+02
   1.4700000e+02
   1.5600000e+02
   1.6200000e+02
   1.7400000e+02
   1.7800000e+02
   1.7900000e+02
   1.8400000e+02
   1.9100000e+02
   1.9800000e+02
   2.1100000e+02
   2.1400000e+02
   2.4300000e+02
   2.4900000e+02
   3.2900000e+02
   3.8000000e+02
   4.0300000e+02
   5.1100000e+02
   5.2200000e+02
   5.9800000e+02
