   0.0000000e+00   5.0000000e-01   1.0000000e+00   1.5000000e+00   2.0000000e+00   2.5000000e+00   3.0000000e+00   3.5000000e+00   4.0000000e+00   4.5000000e+00   5.0000000e+00   5.5000000e+00   6.0000000e+00   6.5000000e+00   7.0000000e+00   7.5000000e+00   8.0000000e+00   8.5000000e+00   9.0000000e+00   9.5000000e+00   1.0000000e+01   1.0500000e+01   1.1000000e+01   1.1500000e+01   1.2000000e+01   1.2500000e+01   1.3000000e+01   1.3500000e+01   1.4000000e+01   1.4500000e+01   1.5000000e+01
   4.7298236e+00  -2.7306120e-01   8.7913112e+00  -1.8871493e+00  -3.6405491e+00  -2.2494136e+00   8.9760647e-01   2.8297128e+00  -6.5888666e+00   3.5308580e+00  -4.4996257e+00  -2.8826587e+00  -1.5194465e+00   6.9954969e+00   1.3492740e+00  -3.0218359e+00   4.6259145e+00  -2.1057188e+00  -5.8077587e+00  -7.0972024e+00   1.1312897e+01   5.9272012e+00   5.1756796e+00   7.8774041e-02  -4.9395934e+00   1.9187453e+00   6.0144017e+00   9.8611125e+00   9.5714859e+00  -5.0946751e+00   1.5212449e+01
   3.1305099e+00   3.1980638e+00  -2.2969000e+00  -4.0879687e+00  -3.6542624e+00   1.8269694e+00   2.8660018e-01  -3.7498036e+00  -1.2188246e+00   4.5460941e+00  -6.8351609e-01  -9.0008579e+00  -7.7791446e-01   8.1646865e+00   7.9239676e+00  -4.4379338e+00  -8.3022135e-01  -2.0356423e+00   6.2397747e+00   3.9698107e+00   5.5158589e+00  -9.9463571e-01   3.5602409e-01  -2.6410807e+00  -4.3440766e+00   4.8533717e+00   1.6612622e+00  -5.8861450e+00   3.8895322e+00   7.0089359e+00   1.0474134e+01
  -3.2143500e+00  -1.0615054e+00   2.5051947e+00   5.2741038e+00   1.0286857e+01  -1.1553239e-01   4.8998067e+00   8.2338498e+00  -3.9646601e+00  -8.6147285e-03  -1.3823483e+00  -4.2486876e+00  -1.8961384e+00   5.8917150e+00  -3.7489678e+00   4.6169764e+00   2.0539410e+00   1.1374852e+00   1.2470315e+00   4.7594429e+00  -5.6654198e+00  -3.5796957e+00  -9.9209177e+00  -4.7613370e+00  -1.2801504e+01  -4.7274560e+00   1.4624602e+00  -1.6207340e+01  -1.0874329e+00  -2.4855516e+00  -1.2181202e+00
   2.6349505e+00   9.8531143e-01   6.2646692e+00  -1.0029389e+01  -4.8364586e+00  -3.4124507e+00  -1.0110540e+01   4.8797991e+00   5.5875931e+00  -2.1192735e+00   6.3242615e-01   3.7985048e+00  -1.0216419e+00   7.0679299e+00  -9.3671712e+00  -8.2368441e-01   1.0925637e+01   1.3685020e+01  -6.9924410e+00   6.4994956e+00   8.3104170e-01  -3.5414618e+00  -8.6557555e+00  -3.4254722e+00  -5.6508706e+00   5.7467557e+00   5.2871342e+00  -1.1485439e+01   1.3176647e+00  -1.0702870e+00  -2.0433527e-01
  -2.5900715e+00   8.5062993e+00  -1.1111825e+00  -2.6697012e+00  -2.1757986e+00   7.3154909e-01  -1.7791603e+00  -5.6938343e+00  -2.3775786e+00  -1.0002938e+00   7.6566862e-01  -4.0732214e+00   5.7580053e+00   5.7080366e-01  -5.4210269e+00  -8.0961385e+00  -4.6323616e-01  -8.1806737e+00   1.1120596e+00   1.0284604e+00   9.9832706e-01  -5.4450557e+00   3.6982446e+00  -7.9230769e-01   2.2617625e-01  -6.6639638e+00  -5.8455459e+00   8.4124986e-01  -1.7173739e+01  -4.1280134e+00   1.8754132e+00
  -8.3816063e-01   7.3478560e-02   3.8645829e+00   1.3718820e+00  -1.0533066e+01   1.8651197e+00   2.2912835e+00  -3.4483970e+00  -6.2244003e-01   6.7240150e+00   3.3248524e-01  -7.4733404e-01   9.4416201e+00  -9.4467505e-01  -6.8169936e+00   9.0290959e-01  -2.0296935e+00  -2.5178041e+00  -1.1179078e+00  -7.7334505e+00  -3.9422722e+00  -3.4893496e+00   2.6929617e-01   1.9146378e+00  -3.7829009e+00  -6.2236893e+00  -4.5049590e+00  -5.5746493e+00  -3.3141064e+00  -5.2094139e+00  -3.3312848e+00
   1.0646008e+00  -6.0781275e+00  -3.2313892e+00   5.3127347e+00  -8.0069951e-01   4.3168572e+00   4.1311470e+00   2.7028076e+00  -3.6411983e+00   4.5906879e+00  -4.9509885e+00  -5.9752771e+00  -1.8590071e-01   1.8623277e+00   6.0367385e+00   8.0472798e+00   4.0155286e+00   7.6986326e+00   3.4800366e+00   4.1097858e+00   5.9251752e+00   2.4463607e+00   3.6720789e+00  -3.7667749e+00  -6.1600171e+00   5.7166928e+00   5.0094447e+00   1.8981430e-01   1.6976869e+00   8.2826067e-01  -8.6227027e+00
  -1.4819698e-01   1.3396207e+00  -4.2387335e+00  -2.3787512e+00  -7.2226882e+00  -3.5248504e-02  -5.3887213e-01   3.8690594e+00   1.7889168e+00  -8.0114221e+00   4.6672296e+00  -2.3519589e+00   6.8856008e+00   2.6685013e+00   1.5022044e+00   4.8161145e+00   9.2773413e+00  -3.1507602e+00  -1.8002235e+00  -1.2865784e-01  -8.1955989e-01   1.4615525e-01   4.6160933e-01  -2.1335620e+00  -3.0989874e+00   3.5680531e+00  -3.8039254e+00   4.7373798e+00  -7.5028925e-01   6.6773224e+00   6.9518725e+00
  -5.3752873e+00   2.0441880e+00  -2.7046596e+00  -2.8080764e+00  -3.9499396e+00   2.5143634e+00   4.8475892e+00  -8.7132917e+00   7.5394452e+00  -4.3767722e+00  -4.9082514e+00  -3.7345937e+00  -2.1929730e+00   3.1160166e-01   4.8794922e+00  -4.7476330e+00  -5.1668335e-01   8.7455933e+00  -1.8688140e-02   6.7812108e+00  -3.6317181e+00  -9.9028371e-01  -1.2171879e+01   4.1243446e+00  -4.3842084e-01   1.2542495e+00   6.8394812e+00  -5.3950889e+00   1.0140372e+01   9.8873257e-02   3.5028943e+00
   3.5590689e+00  -4.0318735e+00   6.3103570e+00  -2.6368887e-01  -1.6946460e-01  -2.7599967e-01  -7.1404212e-02   1.1193791e+01  -1.6799987e+00  -6.5941067e+00  -1.4522383e+01  -3.6911174e+00  -2.9158087e+00  -1.6671849e+00   6.0470962e+00   6.7992528e-01   2.6703037e+00  -8.3135519e+00   7.7193556e+00   2.3610538e+00   3.8288865e+00   1.5968702e+00   3.8596672e+00  -4.2513435e+00   3.4614398e+00  -5.8401021e+00   1.2949019e+00   6.9633630e+00   1.0914491e-01   5.3915479e+00  -2.0137393e+00
