   0.0000000e+00   5.0000000e-01   1.0000000e+00   1.5000000e+00   2.0000000e+00   2.5000000e+00   3.0000000e+00   3.5000000e+00   4.0000000e+00   4.5000000e+00   5.0000000e+00   5.5000000e+00   6.0000000e+00   6.5000000e+00   7.0000000e+00   7.5000000e+00   8.0000000e+00   8.5000000e+00   9.0000000e+00   9.5000000e+00   1.0000000e+01   1.0500000e+01   1.1000000e+01   1.1500000e+01   1.2000000e+01   1.2500000e+01   1.3000000e+01   1.3500000e+01   1.4000000e+01   1.4500000e+01   1.5000000e+01
   1.6924960e+00  -1.4354607e+00  -1.3928372e+00  -7.7886317e+00  -9.1582224e+00  -4.9125894e+00  -6.5878983e+00  -9.8452008e+00   2.8334781e+00  -8.4928588e-01  -3.0543743e-01   4.3802965e+00   4.9356119e+00   5.4052904e+00   9.5724870e+00   2.3947237e+00   6.6893111e+00   8.8790183e+00   1.0401025e+01  -6.0912693e-01   9.3746330e+00   8.5739601e+00  -1.9506413e+00   8.0096657e+00   2.9333374e+00   4.6055492e+00  -8.5963944e+00   6.3842767e+00   3.0663150e+00   2.5813287e+00   6.5097217e+00
   1.7602638e+00  -1.9401193e+00  -9.7855587e-01  -3.3453745e+00  -1.3786250e+00   3.8536835e+00   4.6106350e+00   2.8746575e+00   7.3303514e+00   2.2147438e+00  -3.9805245e+00   5.5250636e+00   6.8387112e+00   9.4407454e+00   9.8554701e+00   9.1041562e+00   6.1178063e+00   9.5210300e+00   1.1524606e+01   1.1358205e+01   4.8571685e+00   7.6346235e+00   4.7547658e-01   7.5358621e+00  -8.3298529e-01  -4.4780868e+00  -1.0858174e+00   1.8074631e+00  -5.2847432e+00  -4.5207808e+00   5.6087376e+00
  -3.7652233e+00  -5.8352708e+00   1.2004456e+00  -7.7402606e+00   4.4304150e+00  -1.3963125e-01  -5.9320721e-01   8.8758667e+00   8.1787114e+00  -8.8595012e-01   1.7537148e-01  -3.1951227e+00   5.0292820e+00  -2.9603738e+00  -1.7391918e+00   5.5294463e+00  -1.3461288e+00   8.1963792e+00   6.3163671e-01   4.4400093e+00   9.4393174e+00   4.0892598e-01   8.3688448e+00   3.1830511e+00   1.2077997e+01   5.2474535e+00  -7.9039462e+00   5.7239009e+00   2.4887963e+00   4.1062255e+00  -6.4187609e+00
  -4.0361332e+00   3.0129701e+00  -1.0937885e+01   5.2416498e+00   2.4972037e+00  -4.2283372e-01  -5.4664692e+00   6.2956566e-01   2.9467401e-01   4.6771425e+00  -1.3267268e+01   1.8425467e+00   2.3407289e+00   2.0521643e+01   1.2845253e+01   1.8048265e+01   2.2792386e+00  -5.8358877e-01   3.3852316e+00   3.1565866e+00   4.7196842e-01   1.1762045e+01   3.2147190e+00   2.6989675e+00   9.2023342e-01   7.4966506e-02   1.1120080e-01  -3.6902832e+00   1.4965278e+00   3.1932890e+00   1.2482181e+01
  -2.7515419e+00   2.2708194e-02   3.5353748e+00   5.3686354e+00   8.4653299e+00  -8.8445597e-01  -6.6668490e+00   1.0754232e+01  -8.2142655e-01  -4.5656422e+00  -6.6222386e+00   2.4554212e+00  -4.1339885e-01   9.9212831e+00   1.2882098e+01   9.3801277e+00   1.1234749e+00   5.3929534e+00   4.2003477e+00   4.3674356e+00   5.4659048e+00   5.1998001e+00   1.0821787e+01   1.4075150e+00   8.3850904e+00  -4.8224799e+00  -2.8131953e+00  -2.2101188e+00   2.1757064e+00  -9.7612747e-01   4.4354695e+00
   6.9161643e+00  -8.5160406e-01   7.4654650e-01   1.6677590e+00  -7.1089409e+00   4.1727875e+00   2.0472430e+00   4.8785920e+00  -1.3573573e+00   6.5361035e+00  -3.8593487e+00   7.3190229e+00   1.0579502e+01  -1.0231611e+00   2.4321760e+00   5.9233556e+00   9.4657247e+00   8.0145911e+00   1.0952082e+01   6.9374838e+00   5.3605585e+00   6.6826599e+00   1.1441410e+01   3.7092684e+00   4.6929220e-01   9.6372779e-02  -4.4898896e+00   4.7334743e+00   1.0686430e+00   4.1728600e+00   7.0592089e+00
   5.0837918e-01   2.0166802e-02   2.3396878e+00   6.6307059e+00   7.9567924e-02   5.2495115e+00  -6.9051132e-01   4.7932080e+00  -6.0797088e+00   6.3943061e+00   6.0966929e+00   3.4617243e+00   7.1930141e+00   7.7744469e+00   4.5853602e+00   5.3212981e+00   8.5994545e+00   1.3789682e+01   1.3548439e+01   6.1704999e+00   3.7486254e-01   3.5077923e+00   3.9477961e+00   5.4311127e+00   9.1770718e+00   6.7543560e-01   4.5025357e+00  -3.6457159e+00   7.5078051e-01   2.6977075e+00   6.9140730e-01
  -1.4872920e+00   3.9145531e+00   3.2178228e+00  -6.5543126e+00   4.1142264e+00  -4.0237064e+00  -2.0451002e+00  -2.3016732e+00   2.4768273e+00   1.1274682e+01   1.0853637e-01   6.4544403e-02   7.0322343e+00   4.1911692e+00   5.3484920e+00   6.4894706e+00   7.9359747e+00   5.2139014e+00   6.0926524e+00   3.7332242e+00   3.4409780e+00   1.0432283e+01   3.0990458e+00  -2.5043324e+00   4.7759763e+00   7.0677679e+00   6.5642016e+00  -5.9419029e+00  -3.3857522e+00   4.9147260e+00   4.0878954e+00
  -3.2776652e+00  -6.6612078e+00  -4.7858135e+00   1.7253108e+00   8.3848889e-01   9.5273532e-01   2.3581871e+00  -4.0727881e-01  -4.4472172e+00  -1.2479760e+00  -4.3481329e+00  -1.1663184e+01   8.0041641e+00  -3.3543924e+00   3.4305596e+00   6.9066995e+00   6.5499344e+00   1.2810944e+01  -4.8970637e+00   9.8451916e+00   8.5904106e+00  -4.6154598e+00  -4.6605223e+00  -1.9488157e+00   5.5037797e+00   2.2699296e+00   7.3537003e+00   7.2983322e+00  -7.0454369e+00   2.4429906e+00  -4.2256588e+00
   2.5434583e+00  -2.0644949e+00  -2.6790563e-01   2.5336573e+00   1.3214687e+00   4.2448356e+00   4.4381320e+00  -9.4886432e-01   4.3805004e+00   2.5708398e+00   1.3746276e+00   1.1429037e+00   5.4191431e+00  -1.5925031e+00   4.7100318e+00   8.8069410e+00   2.3089061e+00   7.7642080e+00   2.9932539e+00   4.6094113e+00   5.8043827e+00   7.0179075e+00  -2.8042100e+00   3.2510694e+00   1.3737733e+00   2.2061177e+00  -3.2298969e+00  -3.9032619e+00   7.7717287e+00   1.3918849e+01   5.6515530e+00
