   0.0000000e+00   5.0000000e-01   1.0000000e+00   1.5000000e+00   2.0000000e+00   2.5000000e+00   3.0000000e+00   3.5000000e+00   4.0000000e+00   4.5000000e+00   5.0000000e+00   5.5000000e+00   6.0000000e+00   6.5000000e+00   7.0000000e+00   7.5000000e+00   8.0000000e+00   8.5000000e+00   9.0000000e+00   9.5000000e+00   1.0000000e+01   1.0500000e+01   1.1000000e+01   1.1500000e+01   1.2000000e+01   1.2500000e+01   1.3000000e+01   1.3500000e+01   1.4000000e+01   1.4500000e+01   1.5000000e+01
   3.5168334e+00   1.2395702e+00   2.2261142e+00   3.7960461e+00  -2.0544944e+00  -2.2875639e+00   2.5153340e+00  -5.8367834e+00   8.8825534e+00   1.3154969e+01   7.4464789e+00   7.6673532e+00  -8.3908202e-01   8.6607564e+00   1.5175626e+00  -1.4415665e+00   7.1262063e-01  -6.9315311e-02   3.2573366e+00  -1.5036844e+00  -3.6145880e+00  -2.8735525e+00   3.5215412e+00  -6.5329992e+00   2.9940458e+00   1.2922229e+00  -7.5253291e+00  -4.1220015e+00  -1.0926626e+00  -2.4537824e+00  -2.5073354e+00
   3.9829965e+00  -3.3886817e-02   1.5333532e+00  -6.4270629e+00   4.3415845e+00  -5.2552790e+00   6.4527555e-01  -2.1907207e+00  -8.0377772e-01   1.5456308e+00   1.2033692e+01   5.6023316e+00  -1.2925188e+00   1.0023977e+00   7.9045368e-01   8.3535961e+00   1.0297600e+01   5.9791332e+00  -3.8010337e+00   4.1143158e+00   2.7444111e+00  -5.8311946e+00   2.8762940e+00  -3.1371722e+00  -2.0315327e+00   3.5305111e-01   3.2764374e+00   6.2903488e+00  -1.0050776e+00   3.6087585e+00   1.4663202e+00
  -3.2458613e+00   6.2000671e+00  -4.2250562e+00  -3.4424962e+00   4.8732699e+00   6.1801567e-01   6.5827252e+00  -1.1091329e-01  -1.1050469e+00   3.6361746e+00   7.5111145e+00   6.1380527e+00   1.1709861e+01   4.5139638e+00   1.1568750e+01  -2.5487318e+00   9.1666484e+00   1.3720210e+00  -3.1609327e+00  -4.9514874e+00   8.6749490e+00  -1.5503651e+00  -1.2701003e+00  -2.1062683e+00  -1.1266036e+00  -3.8745645e+00   4.2612433e+00  -1.4966688e+00   6.0306593e-01  -8.9816636e-01  -1.9253161e+00
   1.0014237e+01   3.7445418e+00  -1.9480367e+00   4.7161113e-01   2.3605140e+00  -9.2174845e+00   4.8563746e+00   5.0484449e+00   5.9824751e-01   1.4591775e+01   6.8493894e+00   9.2062032e+00   2.4384659e+00   2.0867564e+00   6.8049221e+00   4.6697068e+00   1.1772429e+00   3.7225445e-01  -3.8136187e+00  -7.2250936e+00   2.3526325e+00  -1.0361650e+01   1.0390938e+01   5.7448136e-01   2.6910337e+00   1.0710791e+01   2.4563187e+00   1.4126659e+00  -2.7260925e+00   3.8855451e-01  -3.0101356e+00
   1.9041182e+00   7.1590918e+00  -9.6031658e+00  -1.7959752e+00  -9.5229969e+00  -4.3595681e+00   1.2967599e+00   5.1496458e+00   2.7104531e+00   3.5010762e+00   1.9298562e+01   1.0566536e+01   1.0126659e+01   1.0166281e+01   9.7636023e+00  -6.7860210e+00   2.7694416e+00  -6.2040346e+00  -3.9755511e+00  -2.8049161e+00  -6.1888434e+00   9.2036873e-01  -2.5080732e+00  -5.2532470e+00   2.0082289e+00  -6.3652663e+00  -1.3001402e+00  -9.9113343e-01  -6.5309750e+00  -4.7885132e+00   7.6346552e+00
   6.6237119e-02  -2.3547826e+00   4.1680593e+00   2.7061590e+00  -4.0727206e+00   2.2234431e+00  -7.6641806e-01   7.7059228e+00  -3.5976084e+00   1.7361388e+01   5.2751642e+00  -2.1396258e+00   9.3604304e+00   2.0300113e+00  -5.2514893e+00   4.3220961e+00   6.8866010e+00   4.0056215e+00  -7.4367226e+00   1.1895974e+01  -4.1054682e-01   2.1607791e+00  -8.4350167e-01   3.5824081e-01  -1.9096662e+00  -9.5779653e-02  -9.1583638e-01   2.3215870e+00   4.3341503e+00  -6.4848958e+00   3.0888551e+00
   7.3247907e+00   1.1182955e+00   4.3536933e-02  -1.0203934e+00  -1.8619330e+00   3.3880721e+00   9.3343058e+00   5.8289468e+00   1.3358761e+01   1.8817493e+01   1.7623223e+01   2.1973231e+00   3.4112990e+00   3.8018360e+00  -1.7592968e+00  -2.0763809e+00   4.2855026e+00  -4.1449203e+00   5.1474465e+00  -1.0070545e+00  -2.6904609e+00  -4.1778693e+00  -4.4598638e+00  -1.4497354e+00   2.2846001e+00   2.5462322e+00   5.2882116e+00   3.9013597e+00  -3.6269840e+00  -4.5404420e+00  -4.2067535e+00
   3.4322596e+00   5.6727139e+00  -4.8482732e+00   3.9026463e-02   1.1338909e+00   5.0471740e+00   1.1997580e+01   4.8676618e+00   4.5417132e+00   5.7378743e+00   1.8271120e+01   8.0181309e+00   1.7222258e+00   1.5668548e+00   3.5329692e+00  -3.1688645e+00   5.6707256e+00  -6.3689303e+00   1.5976599e+00   2.6893786e+00  -8.5665617e+00  -5.8425421e-01  -7.4936834e-01  -3.1985302e+00   3.0432479e+00  -5.6751674e+00  -8.1940375e-01   5.1857601e+00   7.9394132e+00  -2.9237518e+00   3.0092783e+00
  -8.0391060e-01   5.1120525e+00   9.3576371e-01  -6.1405174e+00  -3.1654373e+00   5.8624487e+00  -2.8547090e+00   5.9618021e+00  -5.0075762e+00  -5.5488254e-01   1.1626212e+01   1.6768213e+01  -5.2669094e+00   6.3148226e+00   1.8701620e+00   1.7300945e+00   2.1595119e+00   3.7061187e+00  -1.8119383e+00  -4.2445802e+00  -9.9593969e+00   8.8518131e-02  -2.7881705e+00   4.2366130e+00   4.9119148e+00  -6.0001820e+00   8.2966711e+00  -4.3731434e+00   1.2268777e+00  -8.5106696e+00  -3.3423213e-01
  -8.4484159e+00  -4.0905939e-01   2.1392453e+00   2.1355147e+00   2.1274955e-01   1.4585739e+00   1.0435094e-01   7.5671955e+00   3.5872273e+00   6.2705117e+00   1.2418660e+01   1.0525140e+01   8.0410998e+00  -3.5603799e+00  -2.1826055e+00  -3.4903426e+00  -4.5826741e+00  -9.1249648e+00  -9.0734785e-01   9.8584239e-01  -3.0413998e+00   7.1879885e+00  -2.0161084e+00  -1.5188651e+00   4.1250036e+00  -5.7056556e+00  -4.9237371e+00  -2.0880519e+00   6.5040499e+00   2.6002225e+00   5.0450021e+00
