   0.0000000e+00   5.0000000e-01   1.0000000e+00   1.5000000e+00   2.0000000e+00   2.5000000e+00   3.0000000e+00   3.5000000e+00   4.0000000e+00   4.5000000e+00   5.0000000e+00   5.5000000e+00   6.0000000e+00   6.5000000e+00   7.0000000e+00   7.5000000e+00   8.0000000e+00   8.5000000e+00   9.0000000e+00   9.5000000e+00   1.0000000e+01   1.0500000e+01   1.1000000e+01   1.1500000e+01   1.2000000e+01   1.2500000e+01   1.3000000e+01   1.3500000e+01   1.4000000e+01   1.4500000e+01   1.5000000e+01
   2.5982744e+00   4.0345966e+00   2.5729050e+00   1.4251449e-01   2.7189016e+00  -1.4335370e+00   1.1388720e+00   7.1535761e+00   4.0987988e+00   5.1151759e+00   1.9438763e+01   2.1273245e+01   3.8592833e+00   4.7497457e+00   5.5346223e+00   4.9065817e+00   9.3664013e+00   2.7978467e+00   9.1978760e-01   4.0054393e+00  -3.7350912e+00   6.5807825e+00   7.6677703e+00  -6.7558180e+00  -6.2980374e+00  -6.2918577e-01  -1.4238577e+00  -9.3341638e+00   8.2534247e+00  -9.8818183e+00   3.6091814e-01
  -1.0441768e+00   9.0401660e+00   5.4092386e+00   6.3510135e+00  -7.0863464e+00   4.5854064e-01   8.6345340e+00   2.6035014e+00   4.1267619e+00   2.3989849e+00   6.1182059e+00   2.9983512e+00   1.0217085e+01   5.8285656e+00   5.4826953e+00   3.8957439e-01   1.2669423e+01   2.2349225e+00  -6.4365843e+00   7.9663006e+00   1.9404047e+00   4.1886278e+00   4.2938147e-01  -5.6916132e+00  -6.6637245e-01   2.9103931e-01   2.1764476e+00   5.7481198e+00  -5.3170568e+00  -6.3705487e+00  -3.6182103e+00
  -4.7206682e-02   6.8200343e+00   8.7289564e-01   6.9141054e+00  -1.3106829e+00   7.5469236e-01   4.1362243e+00   2.8636901e+00   1.1303831e+01   7.6808249e+00   1.2031730e+01   1.1282822e+01   9.2127164e+00   3.9440379e+00   3.4089500e+00   5.3277383e+00   3.5314786e+00   4.4242365e+00   2.3104732e+00  -4.5012513e+00  -7.5381160e+00  -8.5048707e-01   9.7443860e+00   7.2130411e+00   2.9546862e+00   2.5280382e+00   4.9863351e+00  -3.1311420e+00  -1.5023277e+00  -5.4672041e-01  -6.2450065e+00
  -4.8366678e+00  -1.7782021e+00  -1.1127347e+00  -5.3094930e+00   3.5898039e+00   5.9769426e+00  -2.7787403e+00   9.8853679e+00   8.3598574e+00   1.1978092e+01   8.8112013e+00   1.3230734e+01   2.7811850e+00   1.3453591e+01   2.9157179e+00   8.6645520e+00   3.4045125e+00   1.8136555e+00   1.1320897e+01  -5.6210456e-01  -4.5512320e+00  -3.2523331e+00   7.0826059e-02  -7.9681528e+00   5.8034862e+00   8.3319922e+00  -3.6169529e+00  -3.5702046e+00  -8.9963111e+00  -1.9266125e+00  -1.7701474e-01
   7.2105425e+00  -3.4128447e+00   1.1090079e+01   2.9713110e+00   1.5911350e+00   7.2173009e+00  -1.0641499e+00   3.5248875e+00   6.7367412e+00   5.7984472e+00   4.9012468e+00   1.1582602e+01  -3.3266038e+00   1.2665629e+01   1.0974071e+01   6.8583230e+00   4.8171745e+00   6.4034764e-02   6.4586472e+00   9.5817979e+00  -4.1921302e+00  -6.6310930e+00  -1.5731484e+00   1.4334178e+00   2.2436806e+00  -3.4953077e+00   1.4544147e-01   4.2591784e+00  -8.5257100e-01   1.0240002e+01  -3.1070468e+00
   3.2871601e+00  -4.0362727e+00   7.0531871e-01  -1.8977161e+00   4.4584952e+00  -2.9099094e+00   2.8291367e+00   3.3485911e+00   9.1022433e+00   5.8385475e+00   4.9380930e+00  -4.2916732e+00   2.5657465e+00   5.9802663e+00   7.4480744e+00   1.0238000e+01   4.0000007e+00   1.3734433e+00   2.7396867e+00   1.0363740e+01   6.2176313e+00   6.4707159e-01   1.2632748e-01  -1.6793020e+00   4.3698755e+00   8.4732354e+00   1.2516899e+00   4.1935952e-01  -3.9355227e+00  -1.9745865e+00  -4.5792182e+00
   7.0288193e+00   2.9024782e+00  -3.8988991e+00  -1.2816621e+01   3.2529057e+00   2.0018708e+00   1.4880225e+00   1.2849448e+00  -3.4356219e+00   8.2545530e+00   7.0105160e+00   2.7389547e+00   8.8564389e+00  -2.6195723e+00   7.5148178e+00   4.1245035e+00   1.8107810e+00   6.0346391e+00   5.6306419e-01  -1.8962053e+00  -1.6156760e-01  -2.0441078e+00  -4.1266826e+00  -1.1827408e+01  -1.0070186e+01  -2.2044802e+00  -2.1036088e+00   1.0342980e+00   7.4322852e+00  -2.3205349e+00   5.9497977e+00
   6.2411201e+00   1.8099036e+00   1.0648257e+00  -6.9269310e+00   4.3308272e+00  -4.0708085e+00   1.0765603e+01  -2.7685469e+00   2.4907434e+00   2.2115861e+00   2.3450450e+00   1.5112758e+01   3.0123681e+00   4.2632297e+00  -2.7009768e-01   5.6671708e+00   8.9360630e+00   2.1735322e+00   1.1104307e+01   6.1301698e+00   9.5272346e-02  -4.3988689e+00  -2.9078310e+00  -6.5767037e+00  -5.0079737e+00   5.5973580e+00   1.6816471e+00   5.6331030e-01   2.6712111e+00   1.7017632e-01   4.3280282e+00
  -5.1376115e+00  -4.3388504e+00   3.5477924e+00   9.9237263e+00  -1.7413524e+00   4.0925417e+00   9.0182700e+00   7.1122502e+00   7.8428046e+00   5.6172291e+00   7.2080487e+00   5.0476073e+00  -3.7087478e-01   1.2026025e+01   1.6037775e+01   6.8371428e+00   7.8046300e+00   6.3565604e+00  -6.5669183e+00   6.0234998e+00  -3.1506119e+00   9.0772179e-01  -1.3053631e-02   8.5444745e+00  -9.8897305e-01  -7.8336558e+00   4.2655944e+00   4.5776267e+00   7.0174170e+00   5.4132355e+00   5.5091535e+00
   6.5424067e-01  -1.4556061e+00  -4.1686549e+00   7.8596208e-01  -1.6750289e+00  -1.0693150e+00  -4.5525092e+00   3.7525143e+00  -3.9681140e-02   9.9025282e-01   5.3024375e+00   1.5997140e+01   2.1396134e+00  -6.1966953e+00   3.7774005e+00   1.4126286e+01   5.4328320e+00   2.7216336e+00   1.0799829e+01  -2.2126263e+00   9.1259335e-01   2.2748425e+00   3.0192073e+00   4.9334859e-01  -1.0959487e-01   7.6487595e-01   3.3319708e+00  -2.8255768e+00   9.2004812e+00  -9.2859637e+00   1.2704297e-01
