   0.0000000e+00   5.0000000e-01   1.0000000e+00   1.5000000e+00   2.0000000e+00   2.5000000e+00   3.0000000e+00   3.5000000e+00   4.0000000e+00   4.5000000e+00   5.0000000e+00   5.5000000e+00   6.0000000e+00   6.5000000e+00   7.0000000e+00   7.5000000e+00   8.0000000e+00   8.5000000e+00   9.0000000e+00   9.5000000e+00   1.0000000e+01   1.0500000e+01   1.1000000e+01   1.1500000e+01   1.2000000e+01   1.2500000e+01   1.3000000e+01   1.3500000e+01   1.4000000e+01   1.4500000e+01   1.5000000e+01
  -7.3464970e+00   1.0488777e+01   1.8193046e+00   1.0356506e+01   5.6114473e+00   2.0742396e+00  -2.7968996e+00   4.9362886e+00   1.2210187e+01  -4.2534459e-01   1.8985632e+00   4.2676066e+00   1.7283485e+00   3.5508190e+00   3.3515970e+00   2.7376885e+00   4.4181626e+00   7.6013159e-01  -8.8242405e-02   2.5676963e-01  -2.1769819e+00  -3.0762722e+00   6.9525743e+00  -4.6572381e+00   1.6815063e+00   3.4161691e+00  -5.3853084e+00   5.3291640e+00   1.2268448e+00  -2.7800855e+00   4.4105707e+00
   1.8365786e+00   4.9306461e+00  -3.3310859e+00   2.5520607e+00  -5.7462094e+00   1.9681530e+00   7.3402191e+00  -3.4360574e+00   1.1537857e+01   1.2440483e+01   5.2828417e+00  -3.6921416e+00   8.7900097e+00  -1.0578101e+00  -8.9571373e+00   3.8709827e+00   1.0141919e+00   1.6209946e+00  -6.4901043e-01  -5.6970226e-01  -1.6940773e+00   5.1197898e-01   1.0764924e+01   9.2030065e+00   6.6982601e+00  -3.3011816e-01   3.1281776e+00   1.1630647e+00  -6.3242084e-01  -3.4044605e+00  -1.7782142e+00
  -3.8602867e+00   7.3026363e+00  -1.5674098e+00  -7.0018533e+00  -1.1115011e+00   3.6934564e+00   4.8293878e+00   6.1684684e+00   1.1688062e+01   1.2052549e+01   3.1081084e+00   1.1046568e+00   5.6229364e+00  -2.3615177e+00   9.6115306e+00   3.1223410e+00   6.5845599e+00  -4.4525280e+00  -3.0466325e+00   2.4109921e+00  -7.7175837e+00  -1.5930126e-01   3.8117315e-01  -1.8146901e+00   8.1456995e+00  -1.2370432e+00   1.3152217e+01  -8.6316383e+00  -2.1914618e+00  -2.6544057e+00  -6.7489937e+00
  -8.1795780e+00   1.2299032e+01   8.6983626e+00  -1.9668401e+00   1.1861554e+01   1.4938223e+00   5.8856439e-01   1.0991690e+01   1.6336175e+01   1.2326170e+01  -9.2171302e-01  -3.0649104e+00   1.5218158e+00   4.0485405e+00   2.2876703e+00   5.3707088e+00   2.2569683e-01   5.8081225e+00   1.0986521e+00  -1.0092760e+00  -3.8011652e+00  -5.7805765e+00   1.2801658e+01  -3.5729963e+00   6.1159435e+00  -2.7405844e+00   1.9880823e+00   1.1236095e+01   2.7260265e+00   8.3639257e+00  -1.8769076e+00
  -3.1000056e+00  -2.4286058e-01   5.0796803e+00   8.7487321e+00   1.3032314e+01   2.0978892e+00   7.2465739e-01   8.0735159e+00   1.2774557e+01   9.7730970e+00   6.1993536e+00   4.9370653e+00   7.2631869e+00   8.6877928e+00  -7.7515070e+00   4.7254861e+00  -2.0828705e+00   2.9764853e+00   7.4247885e-01   8.7031748e+00   4.0606938e+00   4.4369169e+00   4.5325935e+00   5.0964751e+00   5.8103774e+00   6.8449302e-01   1.0208516e+00   3.4299448e+00   1.3111794e+00   3.3493147e+00  -1.0741320e+00
   6.2043044e+00   3.4712682e+00   8.5044768e+00   1.0441277e+01   5.1297483e+00   3.4978599e+00   5.0556817e+00   1.3691754e+01  -3.0412299e+00   2.6481697e+00   1.1160725e+01   6.7377771e+00   5.1004146e+00   1.6216086e+00  -4.5601316e-01   1.0828200e+01  -3.8798275e+00  -6.1154310e+00  -2.2122405e-01   3.2469049e+00  -2.9489671e+00  -1.7111885e+00   2.2416719e+00  -2.5305271e+00  -5.7759514e+00  -1.8859090e+00  -4.7760545e+00  -2.7126767e+00  -2.1039415e+00  -6.0276564e-01  -2.0165454e+00
  -4.1552383e+00  -1.5041425e+00   4.3465617e+00  -2.5580350e+00   8.6709690e+00   6.0636534e+00   1.1716845e+01   2.9621806e-01   6.4729458e+00   6.8518254e+00   1.0728954e+01  -5.2192112e-01  -7.9246333e+00   3.5449129e+00  -1.2148161e+01  -4.7227145e+00  -1.9211991e+00  -1.8439591e+00   1.0048544e+01   7.4113481e+00  -2.5347701e+00  -2.0133547e-01   1.0317689e+00  -9.4284418e-01  -2.2311984e+00  -5.3558780e+00  -1.1076583e+01   2.0787909e+00   9.5754121e+00  -7.9993705e-01  -4.5302397e+00
  -6.3627840e-01  -3.0870679e+00  -4.5250928e+00   6.3504768e+00  -2.6593764e+00   4.7875298e+00   1.1027059e+01   1.1081433e+01   1.5028172e+01   6.0044145e+00   1.1124215e+01  -5.1464152e+00  -5.0125970e+00   1.3537290e+00   1.5472239e+00   6.0855562e+00   2.0485174e+00   6.0917978e+00   3.6950657e+00  -1.8578036e+00  -1.4425919e+00  -6.2151344e+00  -4.3865710e+00  -2.9110159e+00   4.9788863e-01   2.4137248e+00   1.5833014e+01   3.3488885e+00  -5.4945145e+00  -8.4548681e+00   1.1989811e-01
  -4.8156316e+00   1.0339144e+01   4.2309859e+00   2.6814326e+00  -1.0430365e+01   5.4478479e+00   7.4650777e+00   1.8724147e+01   1.1904858e+01   1.4667563e+01   1.0917780e+01   8.0298062e+00   5.7109551e+00  -6.5241500e-02  -1.0181047e-03  -6.6250753e+00  -2.3140668e+00   4.8125247e+00   5.7085455e+00   5.9384173e+00  -2.2946528e+00  -5.0573161e+00   5.6148402e+00  -2.6157250e-01  -2.6152442e+00  -3.2644642e+00  -6.0364416e+00   4.0120485e+00  -1.3998241e+00   2.6073461e+00  -2.6532341e-01
  -2.4488305e+00   3.3067198e+00  -5.8123108e+00  -7.3383474e+00   4.3178856e+00   8.3236741e+00   2.0860246e+00   9.0307883e+00  -1.8714793e+00   9.8905673e-01  -2.7454561e-01   6.5822903e+00   1.1922470e+01  -3.1845723e+00   3.5618816e+00   2.2978964e+00   9.2509005e+00   1.8910243e+00   4.9568556e+00  -7.0096792e+00  -5.8106220e+00   3.1098309e+00   2.5686655e+00  -4.3541073e+00   5.3187856e+00   1.6877338e+00  -1.1797231e+00  -9.0349816e+00  -2.3073725e+00  -3.0713875e+00  -2.3993123e-01
