   0.0000000e+00   5.0000000e-01   1.0000000e+00   1.5000000e+00   2.0000000e+00   2.5000000e+00   3.0000000e+00   3.5000000e+00   4.0000000e+00   4.5000000e+00   5.0000000e+00   5.5000000e+00   6.0000000e+00   6.5000000e+00   7.0000000e+00   7.5000000e+00   8.0000000e+00   8.5000000e+00   9.0000000e+00   9.5000000e+00   1.0000000e+01   1.0500000e+01   1.1000000e+01   1.1500000e+01   1.2000000e+01   1.2500000e+01   1.3000000e+01   1.3500000e+01   1.4000000e+01   1.4500000e+01   1.5000000e+01
   4.9404188e-01   2.0604336e+00   2.1137338e+00   1.2848397e+00   4.9069029e+00   8.8601197e-01  -1.1333777e+00   2.9387262e+00   4.4742123e+00  -2.5525966e-01   1.6530309e+00   9.9253979e+00  -2.1160907e+00   3.1264719e+00  -5.8465081e-01   3.4937535e+00   8.7744931e+00   2.4670960e+00   1.0030075e+01   3.0885266e+00   1.0288843e+01  -4.3951054e+00   2.4773008e+00   7.6972022e+00  -1.7210927e+00  -1.3184270e+00  -4.8780620e+00  -1.2120084e+01  -6.7312099e-01   8.5819057e+00   3.3596289e+00
  -5.7026775e+00   2.3733048e+00   1.2290763e+00  -1.1297833e+00  -3.1917108e-01   1.1010899e+00   2.3444206e+00   2.2797672e+00   1.3522302e+00   9.2856618e-02  -5.0505563e+00   2.1105044e+00  -2.5707765e+00   3.2769685e+00   6.5363134e+00  -4.2020940e-01  -4.4033462e+00   3.3333977e+00   3.2447647e+00   1.0307918e+01  -1.1506150e+00   1.9540851e+00   2.2857912e+00   3.2153090e+00   1.0175452e+01   7.1897600e+00  -2.0014279e+00  -8.8129187e+00  -9.6417207e+00  -5.8470920e-01  -1.4380276e+00
  -5.9841413e+00  -1.8863515e+00   7.8395016e+00  -4.6464527e+00   3.0369009e+00  -2.1871961e+00   6.9489841e+00   1.5362919e+00  -4.0782988e+00  -5.0956222e+00   1.1186747e+00   1.5941115e+00  -5.0403129e+00  -5.4110354e+00   1.7363271e-01   3.1838487e+00   5.0982297e+00  -1.9204471e-01  -3.2545201e+00  -2.0769638e+00  -7.7290804e+00  -1.7681689e+00   2.5410017e+00   2.1403850e+00  -3.1982406e+00  -7.7521035e+00  -4.0618675e+00   6.0858768e-01  -6.4514170e+00  -3.1776023e+00  -3.6036147e+00
   6.2244672e+00  -2.5340291e-01  -1.3298739e+01  -1.1930978e+01  -6.4501438e+00  -2.7785497e+00  -7.0180697e+00   7.6544703e-02  -3.3157927e+00   5.1902044e+00  -3.5545972e+00   3.8164135e+00  -1.3946309e+00   6.0346257e+00  -2.3845545e+00   1.9469229e+00  -1.0780978e+00   1.5753610e+01   1.9359346e-01   4.6670975e+00   2.7779738e-01  -3.7114009e-01   1.0524420e+01   1.0378272e+01   1.2405372e+00  -5.2031559e-01  -2.5027990e+00  -6.8909162e+00   2.9062132e+00   3.4070285e+00   6.3058739e-01
   7.6001655e+00   4.4719196e-01  -9.7882304e-01   1.8155121e+00   2.9694886e+00  -3.1203845e+00   4.5685719e+00   1.3780827e+00   3.7280238e-01   7.9180524e-01  -2.2715413e+00   2.8616273e+00  -4.3818671e+00   2.1523963e+00   5.1158455e+00   7.6319151e+00   5.8829241e+00   7.1664054e+00   6.4474570e+00   3.6022436e+00  -2.5608522e+00   5.3033710e+00  -8.4467994e+00   2.4046239e-01   3.6260714e+00   7.2306139e+00   8.7516867e-01   7.6964446e-01   5.2385588e+00  -1.0031402e+00  -3.8286869e+00
   1.5179654e+00   1.6686986e+00  -6.1262454e+00   3.5818336e+00  -1.0765919e+01   1.2632162e+00  -8.5462662e+00  -5.6655190e+00   2.2849206e+00   2.0854267e+00   5.4515304e-01   1.0791961e+01   5.6427498e+00   4.7049192e+00   2.2733089e+00   6.5058354e+00   4.2339362e+00   2.4276209e+00   8.4024526e+00  -1.0063825e+00   2.4046337e+00   6.0933352e-02  -3.6649249e+00  -3.1901402e+00   2.2680188e+00   2.0939584e+00  -3.2907880e-01  -9.2390046e+00   3.6156518e+00   1.6072013e+00  -2.3124182e-02
  -3.5324765e+00  -1.0729601e+00   4.6588785e+00   9.3350619e+00   2.5477202e+00   8.8870544e+00  -3.7906146e-01  -4.2912910e+00   3.9197304e+00   1.9537502e+00   3.3271876e+00   3.6679105e+00   1.9710596e+00  -9.7798063e-01   1.6925990e+00   4.4787703e+00   8.4629842e+00   9.9445041e+00  -7.4400934e-01   9.1542179e+00   2.1969475e+00  -3.9965022e+00   3.5380926e+00  -1.0458141e+01   9.8786917e+00   6.5138410e-01  -7.2972133e+00  -1.1994643e+01  -3.5928633e+00   9.5218540e-01   1.4619737e+01
   8.3875459e-01  -5.1618669e+00  -2.1495043e+00   8.2362918e+00  -5.9476885e+00  -1.0739314e+01  -1.6408553e+00   6.0874682e-01   7.1186139e+00  -2.9451449e+00   2.4194618e+00   5.2763208e+00   6.4359255e+00   6.5383076e+00   3.1925739e+00   5.7215562e+00  -1.7467099e+00  -8.2475086e+00   7.4679850e+00   9.7214550e+00  -5.0818179e-01   2.4258029e+00   1.8070796e+00   3.0395341e+00  -6.3790344e+00   5.0418878e+00  -4.6378304e+00  -3.6657272e+00  -1.9127031e+00   5.2149676e+00   7.7631558e+00
   8.7468540e+00  -8.3315355e+00   4.5607243e+00   1.7857020e+00   2.0390395e+00   1.1257840e+00   6.4965312e+00   6.5601401e+00  -1.1779739e+00   1.0715277e+00  -3.4058201e+00   2.9762758e+00   2.8810458e+00   1.6697220e+00   2.9627674e+00  -4.2358925e-01   1.4153290e+01   1.5591378e+00   8.8113167e+00  -1.9065693e-01   9.4672758e-02  -4.4164565e+00   4.3721014e+00   5.4034718e+00  -3.4359363e+00  -4.0856280e+00   3.4628442e+00  -1.7825112e+00  -3.1787401e+00   9.9798825e+00   3.7183921e+00
  -1.9859104e+00  -8.3224840e+00  -1.2787540e+00  -4.4800087e+00   1.6905760e+00   3.2555264e+00  -1.6042121e+00   2.0720821e+00  -2.1159841e+00   3.9584123e+00   1.6474919e+00   7.5788406e+00   8.2479036e+00   1.3576112e+00  -3.1522680e+00   7.3143723e+00   6.3247589e+00   1.5035829e+01  -6.7592147e+00  -3.3587528e+00   1.3420539e+01  -3.5566639e+00  -9.7589246e+00  -1.6524388e+00   1.7072214e+00   1.3951264e+00  -2.3585980e+00   5.5146347e+00  -5.6364172e-01   1.1369680e-01  -6.8728570e-01
