   0.0000000e+00   5.0000000e-01   1.0000000e+00   1.5000000e+00   2.0000000e+00   2.5000000e+00   3.0000000e+00   3.5000000e+00   4.0000000e+00   4.5000000e+00   5.0000000e+00   5.5000000e+00   6.0000000e+00   6.5000000e+00   7.0000000e+00   7.5000000e+00   8.0000000e+00   8.5000000e+00   9.0000000e+00   9.5000000e+00   1.0000000e+01   1.0500000e+01   1.1000000e+01   1.1500000e+01   1.2000000e+01   1.2500000e+01   1.3000000e+01   1.3500000e+01   1.4000000e+01   1.4500000e+01   1.5000000e+01
   3.2693633e+00  -7.3476244e+00   6.9173898e-01   1.6613458e+00   6.9498801e+00  -1.7154991e+00  -3.2212716e+00   5.2462231e+00   1.0725578e+01   2.5924171e+00   5.8788779e+00   2.1101293e+00   2.2304907e+00   9.4150871e+00   8.3027210e+00  -5.2908280e+00  -2.9315707e-01   5.6090010e+00   8.5393289e+00   1.1884971e+01  -3.4757135e+00  -4.3265387e+00  -2.2789932e+00  -6.4885165e-01  -4.7364172e+00   1.0784694e+00  -4.0224114e+00   6.9124085e-01   9.8107535e-01  -5.5805837e+00   4.6914688e+00
  -4.7096837e+00  -9.7943299e+00  -4.9425593e+00   5.7453915e+00  -3.4222333e+00   8.1207168e+00  -3.5028250e+00   1.2586645e+00   2.8755006e+00   3.3726754e+00  -2.0286094e+00   1.3086375e+01   4.2012886e+00   2.2710592e+00   5.9675796e+00   6.1201895e+00   5.0228308e+00   6.0718346e+00  -6.8502635e-01   3.2267376e+00   2.1762789e+00  -2.5729625e+00   3.1570079e+00   1.6654947e+00  -2.0235388e+00   1.1097825e+01   3.3752640e+00  -1.6442767e-01   8.0363551e-02   4.8148024e+00  -3.4604209e+00
  -2.3809800e+00   1.9190700e+00   3.1053740e+00   7.6683395e+00  -8.4227679e-01   1.3145041e+01  -3.9925999e+00  -3.3366662e+00  -3.4657920e+00  -6.1268216e+00   4.2819031e+00   8.0424068e+00   1.3797183e+01   9.3926301e-01   6.3461387e+00   3.6598902e+00   1.5243184e+01  -2.9452870e+00   1.5858459e+00  -4.0090062e+00   2.2616457e+00   3.7315144e+00   1.0783769e+01   1.2230996e+00  -5.2332505e-01   9.7903269e+00   7.3785574e+00   1.5090801e-01  -1.9894641e+00  -3.1906400e+00  -4.4580876e+00
  -3.3277031e+00  -5.0267500e+00   2.2116809e+00  -3.1763196e+00   2.1401254e+00   2.1867841e+00  -2.2041338e+00  -5.2581314e+00   2.3575161e+00  -6.1290072e+00   6.5219959e+00   7.2137904e+00   2.7485859e+00   5.9276867e-01   7.5440135e+00   7.6310510e+00   2.9403276e+00   8.9348609e+00   6.5390446e+00  -9.2918168e-01  -1.4189697e+01  -1.3173796e+00  -6.8585412e+00  -9.0097636e+00   4.3756844e+00  -2.8734926e+00   6.8130075e+00  -4.2439360e-01  -8.8808865e+00   5.2487359e+00   1.0232110e+01
   1.1534810e+00  -6.2873635e+00  -7.3336220e-01   4.9454153e+00  -7.5386533e-01   8.9984053e+00  -3.7768916e+00  -5.1249448e-01   1.5022665e+01   2.0624106e+00   5.8844838e+00   9.2202011e-01   1.0224260e+01   8.0481842e+00   1.3482689e+01   3.3804370e+00  -1.5407414e+00  -4.5631646e+00   4.2332929e+00  -1.2714301e+01  -5.0872196e+00   1.4424120e+00  -8.1451869e+00   7.6628541e+00  -1.3663026e+00  -5.2884646e+00   7.5806999e-01  -3.8887911e+00  -3.6386571e+00   4.9552431e+00  -6.9969723e+00
  -1.7474353e+00   3.1852679e+00  -7.7420870e+00   8.0533020e+00   6.9198274e+00   4.5181620e+00  -5.5542696e-01   3.0447232e+00  -3.0513912e+00   2.5231369e+00  -1.5931716e+00   8.7264837e+00   7.2402643e+00   5.5214222e+00   6.2606657e+00   1.4820744e+01   6.2732463e+00   2.6905987e+00   5.9080587e+00   1.2154488e+01   5.8168866e+00   9.1537921e+00  -1.1344586e+00   6.1876697e+00  -3.6576076e+00   3.0672118e+00  -1.4762707e+00   4.1589559e+00   7.5339853e-01   4.1539310e-01   5.4134699e+00
  -8.2052685e+00  -4.9360106e-02  -1.1296162e+01   1.4230138e+00  -9.9547334e+00  -6.4166716e+00  -9.9516504e-01   1.3348016e+00  -7.8038698e+00   5.2033831e+00  -4.9200677e+00   3.0884133e-01   1.6598014e+01   2.1030392e+00   3.8380367e+00   3.5835435e+00  -2.6017399e+00  -2.8242996e+00  -2.4189061e+00   3.1394177e+00   1.2538854e+01  -1.7929054e-01   5.1990629e-02   2.7784782e-01   6.4986330e-02  -5.2007574e-01  -5.2984787e+00   2.1461266e+00   6.4546754e+00   5.9276822e+00   3.9455707e+00
  -8.1444556e-01  -3.2522742e+00  -9.9051731e+00   1.9190345e+00  -3.6173655e+00  -3.1120161e-01  -1.3280149e+00   9.6261393e-01   1.7479372e-01   6.0520859e+00  -4.5754576e+00  -1.0063645e+00   8.0521547e+00   6.2211081e+00   1.1647593e+01   5.3310477e+00   1.8024098e+00  -2.9615971e+00   5.4942045e+00   1.6382735e+01  -4.9690523e+00  -6.7243064e-01   1.1030699e+01   4.3870137e+00  -4.6517414e+00   3.1522165e+00  -3.9551771e-01   2.8469802e-01   7.1274824e+00   9.2123300e+00  -1.6690399e+00
  -2.0597662e-01   8.0966613e+00  -3.3552388e+00   1.0320273e+01   4.9396147e+00   4.0338085e+00  -7.5232988e+00   3.6609479e-01   1.9913353e+00   1.5893696e+00   3.7845735e+00   3.2192350e+00   3.2381923e-01   4.5340893e+00  -2.1966555e-01  -3.2470519e+00  -1.5623158e-01  -2.4125380e+00   7.4831522e+00   1.5052594e+00   4.0743281e+00   4.0864626e+00  -2.5107357e+00   1.0482043e-01   5.9205101e+00  -6.3099725e+00   8.7063960e+00  -4.3786386e+00  -9.2949802e-01  -5.4680310e-01   9.2574625e-02
  -2.6480724e+00  -2.6403246e+00  -2.4871723e+00  -1.4997288e+00  -2.0498537e+00  -6.6417372e+00   3.6116210e-01   4.4794148e+00   1.5267601e-01  -3.1650552e+00   5.3709924e+00  -4.6443739e+00   2.6657596e+00  -6.3401706e+00  -8.7180754e-01   1.9801204e+01   1.0396296e+01   4.4009993e+00   5.2241441e+00  -1.9208948e+00  -7.7361445e+00   7.4727791e+00  -6.3104565e-01  -4.6054124e+00   6.9760882e+00   6.4666736e+00  -5.2138038e+00   5.7919438e+00   1.0466065e+01   5.8455433e+00  -6.8005324e-01
