   0.0000000e+00   5.0000000e-01   1.0000000e+00   1.5000000e+00   2.0000000e+00   2.5000000e+00   3.0000000e+00   3.5000000e+00   4.0000000e+00   4.5000000e+00   5.0000000e+00   5.5000000e+00   6.0000000e+00   6.5000000e+00   7.0000000e+00   7.5000000e+00   8.0000000e+00   8.5000000e+00   9.0000000e+00   9.5000000e+00   1.0000000e+01   1.0500000e+01   1.1000000e+01   1.1500000e+01   1.2000000e+01   1.2500000e+01   1.3000000e+01   1.3500000e+01   1.4000000e+01   1.4500000e+01   1.5000000e+01
  -7.0982860e+00   7.7900678e-01   1.8391330e-01   1.1182404e+01   9.3669772e+00   5.4823585e+00   2.5780305e+00  -2.7068027e+00  -2.3438635e+00   6.8848178e+00   1.1876493e+01   4.2585098e-02   6.0243378e-01   4.9953711e+00  -3.8915302e+00  -7.1498149e-02   4.9909768e+00  -1.9699992e+00  -8.7754289e+00   3.1325419e+00   2.0786804e+00   6.4281705e+00  -7.0215692e+00   2.2918831e+00   6.7648578e-01  -1.7692548e+00   6.8664575e+00  -2.3488742e+00  -2.7305796e+00   4.6552995e+00   4.9696189e+00
  -1.3468652e+01   2.7401306e+00   7.8160324e+00   5.9438218e+00  -2.3616870e+00  -5.4369877e-01   1.4148599e-01   1.7151199e+00   1.4168763e+01   2.9112800e+00   1.6157423e+01  -2.7477713e+00   3.9336780e+00   7.6056594e+00   5.2955413e+00   7.7666081e+00   4.7243395e+00  -1.5497093e+00   2.8809494e-01   4.3870387e+00  -4.2249361e+00   1.1057217e+01   2.2090644e+00   4.0472771e+00  -3.5002470e+00  -6.3788627e+00  -1.4099563e+00  -9.5637615e+00   2.8046016e+00   1.3782913e-01   5.0912108e+00
   7.8874051e+00   1.4625768e+00   9.8347560e-01  -3.4890312e+00   7.8173349e+00   1.3474664e+00   6.5846572e+00   8.0474749e+00   2.5877676e+00   2.5728820e+00  -4.1021994e+00   6.9708325e+00  -1.3939489e-01   6.3154335e+00   8.2923097e+00  -1.0806928e+00   1.5921325e+00  -2.7067300e+00   3.5454572e+00  -1.2414758e+01  -6.2358704e-01  -4.5156043e+00   7.6268331e-01   6.7845793e+00   2.3624047e+00   5.8799263e+00   3.3654829e+00  -2.8931207e+00   3.2465007e+00  -8.9193409e+00   7.0850971e+00
   3.9305876e+00   6.2146277e-01  -4.1676251e+00   6.0134706e-02   9.7048398e-01  -2.2070927e+00   1.1031606e+00   3.7482822e+00   4.5806102e+00   7.1162875e+00   3.8669022e+00  -1.2485747e+00   3.0379452e-02   4.3819248e+00  -9.5451865e-01   1.6109319e+00  -5.2112333e+00  -2.4665021e-01   1.2112753e+01   4.1538396e+00   7.0315982e+00  -2.1624020e+00  -7.8923989e+00   9.5287033e+00   1.6023904e+00  -5.3954800e+00  -3.5478529e+00  -2.9774090e+00  -7.5747979e+00  -5.9450689e+00   9.3349544e+00
  -1.3590921e+01  -1.8084889e+00   7.9856466e-01   5.8865005e+00   7.9127600e+00  -4.6402192e+00   5.1650367e+00   2.8940777e+00  -1.7794136e-01   4.0107166e+00  -1.4949188e+00   6.8910620e-01  -9.3404786e+00  -6.0514275e-01   5.9029054e-01   2.8263260e+00   4.1605683e+00  -1.2090066e+00   3.4486541e-02  -1.3338593e+00   4.0378290e-01   6.2269717e-01   2.4733533e+00   4.3386183e+00  -1.6091774e-01   6.0900011e+00   3.5218625e+00  -1.6970265e+00   3.0975951e+00   6.9329460e+00   6.9076973e+00
  -5.1811573e-01   1.8301869e+00   2.0555767e+00   6.6386021e+00  -4.9221669e+00   1.4403234e+00  -2.6822130e+00   8.6499075e+00   4.5503401e+00   5.0029231e+00  -3.0671459e+00  -4.8895082e-01  -2.5902848e+00   1.9006000e-01  -3.2205001e+00  -5.3776181e-02  -2.8447685e+00  -7.9526783e-01   1.3585184e+00   4.0171722e+00  -6.2081722e+00   1.6534022e+00  -4.2786045e+00   4.4984191e-01   7.6001047e+00  -7.1409701e-01   2.9064284e+00   5.9195577e+00   7.7536071e+00  -6.4699739e+00  -7.9179383e+00
  -7.0380404e+00  -2.1298185e+00   2.0573910e+00  -2.6422784e-01  -4.0736885e+00  -9.2106659e-01   8.2841891e+00   4.0777923e+00   7.5997451e+00   1.0255340e+01   1.3103088e+01   3.2194009e-02   6.9622156e+00  -4.0594510e+00   3.0851313e-01  -9.7190676e+00  -1.5572141e+00  -5.1017093e+00  -3.5330945e+00  -1.6996734e+00   7.8326957e-01  -1.5369774e+00  -6.2360745e+00  -1.1912201e+01   1.6521137e+00  -5.8002305e-01  -8.6806696e+00  -2.3855573e+00   4.4888748e+00   7.5843272e+00  -7.0224990e+00
   3.8691560e+00   9.5589914e-01   2.8335298e+00   7.3650435e-01   1.0154592e+00   3.8502745e+00   1.7495130e+00   1.4188504e+01   2.8332957e+00   8.6808214e+00   3.9008374e+00  -3.1772969e+00  -7.3652962e+00  -1.4669383e+00  -8.2588773e-01   2.2461836e+00   2.5207599e+00   1.1059616e+01  -1.1311528e+00   1.3940900e+00  -2.1947784e+00  -4.8022531e+00  -8.2534611e+00   1.9133448e+00  -1.2607710e+00  -2.8303666e+00  -3.2609237e+00   5.9143492e+00   5.9619781e-01  -4.0140085e+00   9.4538308e-01
  -9.1249136e+00   6.3122037e+00  -2.0054163e+00  -6.1681368e+00   1.5769502e+00   1.4152831e+01   1.6859384e+01   8.6454849e+00   8.4401429e+00   2.7291384e+00   9.8773292e+00   6.4664604e+00   2.2969388e+00   5.2406001e+00  -5.7141423e+00  -5.5757530e+00   2.2513301e+00  -5.7565831e+00  -5.4556132e+00   5.1144209e+00  -1.1024283e+00   3.3424561e+00   6.1042614e+00  -3.1291963e+00   4.4686366e+00   1.8717676e+00   1.0243122e+01  -1.2619321e+01  -9.8433420e-01   6.7303827e-01   6.7410483e+00
   5.6729930e+00  -9.8610100e+00   1.8316141e+00  -9.4165290e+00   2.2997341e+00   7.8225552e+00   1.0904826e+01   6.7736990e+00  -2.5866838e-01   6.6963570e+00   1.3576024e+01   3.7789913e+00  -3.5195223e+00  -8.5880738e+00   7.6940983e+00   4.6882632e-01   5.9692479e+00   3.2677585e+00  -2.1757103e+00  -5.4693015e-01   8.0028042e+00   3.1572395e+00  -6.2955859e+00   7.8985945e+00   4.7067746e+00   4.2434570e+00  -9.0831397e+00   9.5793116e-01   7.4743350e-01   3.4303530e+00   1.8789800e+00
