   0.0000000e+00   5.0000000e-01   1.0000000e+00   1.5000000e+00   2.0000000e+00   2.5000000e+00   3.0000000e+00   3.5000000e+00   4.0000000e+00   4.5000000e+00   5.0000000e+00   5.5000000e+00   6.0000000e+00   6.5000000e+00   7.0000000e+00   7.5000000e+00   8.0000000e+00   8.5000000e+00   9.0000000e+00   9.5000000e+00   1.0000000e+01   1.0500000e+01   1.1000000e+01   1.1500000e+01   1.2000000e+01   1.2500000e+01   1.3000000e+01   1.3500000e+01   1.4000000e+01   1.4500000e+01   1.5000000e+01
  -2.7120883e+00  -6.7414095e+00   4.1592423e+00   4.7029637e+00   2.6277826e-01  -4.8760162e+00   3.9983646e+00  -3.1627552e+00   6.1436042e+00  -3.2431537e+00   5.0720447e+00  -1.5606391e+01   1.5039888e+01   3.3063062e+00   3.3924956e+00   1.8211966e+00   4.3160508e+00   5.7673351e+00   8.7831235e-01  -2.1496233e+00   4.1824104e+00  -4.6403730e+00   7.9938881e-01  -1.8186312e+00  -6.7477446e-01   1.4235054e+00   2.3531556e-01  -5.9346003e+00  -7.9270035e-01  -1.8973900e+00  -1.1732085e+00
  -1.0165661e+01   3.5651145e+00  -1.9156160e-01   5.0452081e+00  -1.2541202e+01   5.8128640e+00   7.1820495e+00  -6.8102104e-01  -2.7954393e+00   6.9717089e+00  -1.0761647e+01  -5.1779327e+00  -3.3494785e+00  -1.4783785e+00  -7.7357183e+00   6.0128914e+00   9.0168592e+00  -4.8974928e+00  -9.5738401e+00   2.4118603e+00  -8.6876262e+00   9.7892542e-02   3.8396088e+00  -1.0188049e+01  -2.3875249e+00  -3.3773578e+00  -1.6352647e+01   1.2554548e+01   1.7051382e-01   2.8680363e-01   2.5705786e-01
  -2.5555384e+00   4.3018599e-01   7.1233529e+00  -3.2014731e+00  -5.0036306e+00   1.3307339e+00  -5.7537996e+00   1.4867710e+00  -1.2790239e+00   7.9475261e+00  -1.7211906e+00   1.0098288e+01   3.4445190e+00   8.7401748e+00   7.0903321e+00  -8.9058184e+00   1.5429188e+00   4.9407451e+00   3.8231199e+00   9.1123861e+00  -3.3173011e+00  -1.7349758e+00   5.3222218e+00  -1.1723963e+00  -7.5495769e+00   5.9243435e+00   7.0877462e+00  -3.2791870e+00  -4.1258020e+00  -5.6569204e-01   1.2057218e+00
  -2.6457818e-01  -1.3455747e+00  -4.1632842e+00  -4.2992316e+00  -6.1484665e+00  -1.2224730e+01  -4.6285632e+00   4.8842078e+00   6.7618935e+00  -3.8647014e+00   9.3067585e+00   7.5289409e+00   2.7234568e+00  -1.8372162e+00  -2.6654622e+00  -5.7323327e+00  -4.4779753e+00  -1.0678504e+00  -8.0370849e+00  -3.5035624e+00  -6.4263344e+00   2.5080295e+00  -5.7595104e+00  -7.8809522e+00  -3.9411544e-01  -6.2886271e+00   4.6722626e-01   1.3070036e+00  -8.5272380e+00   1.3947374e+00  -8.2587093e+00
  -3.1190140e+00  -1.0339255e+01   1.1122756e+00   2.0218492e+00   1.2258495e+00  -4.4796290e+00   1.8170609e+00  -7.3038188e-01   4.6226220e-01   8.3944772e+00   6.7777790e+00  -2.6883665e+00   1.1676312e+00  -2.0633274e+00   6.6241572e+00  -3.0045014e-02  -9.1063284e+00   3.3902967e+00  -3.2802354e+00  -8.5785320e+00  -1.4065577e-01  -6.3411210e+00   5.6231415e-01  -6.2801477e+00   4.8871703e+00  -1.5166596e+00   3.6042233e+00  -3.6337631e+00  -4.6446962e-02   3.3017439e+00   7.2032085e-01
   1.0987264e+01  -5.1233217e+00   2.3437495e+00   3.8320511e+00  -5.1435349e+00  -7.0212741e+00  -1.8312040e+00   2.1143683e+00   3.9141136e+00   6.6247278e+00   6.6785804e+00  -1.7400034e-01   4.5751114e+00  -4.0810804e+00  -8.4232849e+00   2.1566309e+00  -2.6017881e+00  -2.0793095e-01   2.6650274e+00   3.2189652e+00  -1.8828597e+00   1.4805126e+00  -7.0234138e+00   3.4635549e+00  -3.3345323e+00  -3.8145620e-01   1.3733432e+00  -8.0774729e+00   3.1140469e-01  -8.3426227e+00  -5.7791903e+00
  -9.9684737e-01  -5.9135435e-01  -9.8733382e+00  -4.0492052e+00  -1.4590521e+00   1.5326293e+00   3.0528084e+00  -1.1026747e+01  -7.2804256e-01   8.4275401e+00   4.4438450e+00   1.5996185e+00   4.1489826e+00  -4.9686872e-01   1.5715087e+00   5.8472024e+00  -2.2698952e+00  -1.3505849e+00   4.9286260e+00  -5.5594712e+00  -2.5323871e+00   2.2988649e+00   1.7832533e+00   6.8725356e+00   2.4531823e+00   2.7402331e+00   7.0212005e-01   1.1767313e-01   5.2527439e+00   1.2126266e+01   5.7011593e+00
   7.9786167e-02   3.8859888e-01   1.2372856e+01   8.5635028e-01  -1.9990978e-02   7.2344720e+00  -1.0939698e+00   6.4278463e+00  -9.0170769e-01  -1.9251093e+00  -9.1265687e-01   2.6288137e+00  -2.0570768e+00   2.6595148e+00   5.2407278e+00   3.3440224e+00   6.9377721e+00   4.8028385e+00   7.3315861e-01   7.7280693e+00  -6.9462623e-01  -9.0740211e+00   2.9394239e+00   6.4506334e+00   2.4401738e+00  -3.4507950e+00  -5.6343001e+00   4.0297256e-01   1.4232565e+00  -1.0985579e+01   4.1878551e+00
  -1.0370846e+01  -2.0199373e+00   1.6800985e+00   3.2105923e+00   8.7491015e-01   1.5169391e+00   6.7435453e+00   6.6028104e+00  -1.3733428e+00   5.7348260e+00   4.6681177e+00   5.7991936e+00  -5.8486011e+00  -5.1211749e+00  -2.1682556e+00   1.7421036e-01  -3.8533980e+00   1.5509255e+00  -3.0491306e+00   6.3302651e+00   5.8232557e+00  -1.6190542e+00  -6.9120127e-01   2.0637521e+00   1.2055896e+00  -7.1040602e-01  -4.5968179e+00  -9.5539624e-01   2.1385582e+00   3.0536223e+00   3.8435324e+00
   3.0390927e+00  -4.0094870e+00  -3.6007419e+00   5.4185425e+00  -5.8350543e-01  -3.2819145e+00   1.9087594e-01  -1.6321847e+00   3.4307373e+00   6.5686296e+00  -4.1503907e+00   5.4980863e+00   5.0103429e+00  -6.4826030e+00  -2.3572868e+00   6.0651632e+00   4.3185964e+00   3.7636629e+00   4.1960501e-03   1.9370827e-01   4.0083588e+00  -9.4453828e+00   1.0214058e+00   3.3513052e+00  -4.7402288e+00  -6.6513548e-01   2.0013521e+00  -6.3977811e+00  -5.0797893e+00   5.9045948e-01  -8.6027505e+00
