   0.0000000e+00   5.0000000e-01   1.0000000e+00   1.5000000e+00   2.0000000e+00   2.5000000e+00   3.0000000e+00   3.5000000e+00   4.0000000e+00   4.5000000e+00   5.0000000e+00   5.5000000e+00   6.0000000e+00   6.5000000e+00   7.0000000e+00   7.5000000e+00   8.0000000e+00   8.5000000e+00   9.0000000e+00   9.5000000e+00   1.0000000e+01   1.0500000e+01   1.1000000e+01   1.1500000e+01   1.2000000e+01   1.2500000e+01   1.3000000e+01   1.3500000e+01   1.4000000e+01   1.4500000e+01   1.5000000e+01
   3.8195956e+00  -1.4130487e-01   2.8982361e+00  -4.9133681e+00  -3.1797023e+00   4.9788481e-01   1.5946794e+01   4.8011548e+00  -1.6188007e+00   5.1255663e+00   7.1281076e+00  -5.2609612e+00  -1.5593604e+00   1.3801904e+00   4.9974822e+00   1.0000283e+01   4.8679440e+00  -4.3367850e-01   2.7899768e+00  -4.2524744e-02  -3.6388055e+00  -4.4731969e+00  -1.3228286e+00   4.3300847e+00   9.3534580e-01  -2.5918070e+00  -6.8414192e+00  -1.4987236e+00  -3.2686366e+00  -1.6732901e+00  -9.5406369e+00
   1.0428935e+01   5.0738337e+00   4.7583488e+00   1.6813852e+00   5.8208662e-01  -2.2799807e+00   5.1851034e+00  -8.9711763e-01   1.1865064e+01   1.5562714e+00   1.2945447e+01   5.7828527e+00   1.2075854e+01   4.4140037e+00  -5.4711036e+00   6.6292399e+00   2.2371300e+00  -5.1434806e-01  -6.3070885e-01   8.3713192e-01  -6.2807863e-02   4.0729989e+00  -8.0549471e+00  -3.3133030e+00   2.4274716e+00  -1.7019679e+00  -2.0597082e+00  -6.8230424e-01   1.5091820e+00   4.3785080e+00   4.2504529e+00
  -1.3239626e+00   6.1790922e+00   1.0164213e+00   4.0145064e+00   3.7063954e+00   6.8987441e+00   7.1011758e+00   4.5148851e+00   1.5717636e+01  -2.4338891e+00   7.2537931e+00   4.8660501e+00   3.5291494e+00   1.6101320e+00   1.1356839e+01  -9.5785161e+00   4.2158150e-01   5.2421548e+00   5.2088722e+00  -1.8015818e+00  -2.4073247e+00   1.1584703e+00  -3.6721209e-01   5.9322582e+00  -3.0148117e+00   6.3878987e+00  -3.4400382e+00  -1.6801591e+00  -5.0367791e+00   9.7987311e-01  -4.5355791e+00
  -6.6889378e+00  -1.9524792e+00  -5.6597705e+00   9.4391629e+00   3.9319040e+00   5.1357963e+00  -2.9534935e+00   9.9923338e+00   7.7741695e+00   4.0986202e+00   1.0307742e+01  -1.5003436e+00  -8.7103431e-01   1.2138508e+01   1.1083540e+01   3.9763029e-01  -1.0242537e+01   3.7148889e-01   2.9582746e+00   5.7041278e+00   8.5567028e+00   1.1198016e+01  -1.8012246e+00  -6.7166614e+00   2.5142700e+00   1.3765125e+01   4.0546057e+00  -1.9880110e+00  -1.8868747e+00   7.7092166e+00  -1.4367234e+00
  -1.4766371e+00  -1.8317684e+00   1.0164794e+01   4.9709585e-01  -5.5117455e+00   2.5804652e+00   8.8640031e+00   1.5534174e+01   7.7627368e+00   1.2980324e+01   8.8530765e+00   1.4060885e+01   2.6701061e+00   6.2724196e-01   3.0686161e+00   6.4858999e+00   2.4533681e+00   3.3780913e+00   2.4718276e+00  -2.5279614e+00   5.7403140e+00  -2.7513937e+00  -7.5492033e+00  -1.3632557e+00  -2.9585429e+00  -1.4523536e+00   8.6003428e+00  -5.1069725e-01  -5.2433748e+00   5.6369309e-01  -3.4266040e-01
   2.5698889e+00   5.9334226e+00  -3.7303144e+00   4.0061496e+00  -4.9547308e+00   9.7800801e+00  -5.8678587e-01   7.5999659e+00   5.0566066e-01   8.4499987e+00   4.0748607e+00   1.0858231e+01   5.2561006e+00   2.8648099e+00   3.7329162e+00   1.4901043e+00  -1.1182281e+01  -2.0198926e+00  -4.9785293e+00   3.7337721e+00  -8.0245842e+00   2.3675997e+00   1.5305757e+00   4.2920448e+00   2.1292852e+00  -2.3881109e+00   1.9927291e+00  -4.2753002e+00   1.4818751e-02   1.1128989e+00  -6.9400035e+00
  -6.1967603e+00   3.1090802e+00   4.3262888e+00  -2.1717759e+00  -4.1837488e-01   8.6014162e+00  -3.1579526e+00   1.6477024e+01   6.4136096e+00   8.7724840e+00   8.0068113e+00   1.0959608e+00   5.4301273e+00   3.9146753e+00   2.9625292e-01   1.6407645e+00  -1.7163614e+00  -2.5094865e+00   5.0984619e+00   7.1884955e+00  -4.3532641e+00  -8.4833407e-01   5.7472629e+00  -1.7447923e+00   1.4721657e+00   8.5242513e+00  -4.8665887e+00  -2.6394251e+00  -1.3474421e-01   3.6167531e+00  -4.7812063e+00
  -6.5631402e-01   3.8245798e+00  -4.3274533e-02  -3.7622105e-01   7.1783111e+00   1.4699788e+01   1.0699825e+01   5.1846786e+00   1.6820085e+00   1.1108626e+01   4.6924752e+00  -3.5028953e+00   3.6836100e+00   1.1705325e+00  -4.9885218e+00   8.0446023e-01  -8.5325420e-01   5.7158197e+00   1.1616739e+00  -3.3585091e+00   1.3351555e+00  -5.1762856e+00  -4.9251372e+00  -9.0140646e+00   3.3929446e+00   3.3212787e+00  -7.2601838e+00  -1.4972467e+01   4.7788951e+00  -6.2863720e+00   9.3763422e-01
   5.5647091e-01   6.8584339e+00  -1.2471995e+00   8.9343761e+00  -1.3271915e+00   3.7743928e+00   9.5496639e+00   7.5295454e+00   1.2729834e+01   1.1770310e+01   3.6375487e+00   7.4523645e+00   1.0964513e+01   4.2983452e+00  -1.2692074e-01   3.2380851e+00  -1.9106149e+00   4.5547340e+00  -7.8284792e+00  -7.1413005e+00  -5.9905630e+00  -2.1666477e-01   3.8143090e+00   9.9595495e+00   1.0991789e+00   5.4101964e+00   5.0455746e+00   5.3145518e+00   3.1343452e+00   5.8480586e+00   4.2839766e+00
   1.4091009e+00   9.4912811e-01  -5.6697535e+00   1.0540872e+01   7.7075540e+00   9.2628881e+00   7.2567781e+00   9.4815318e+00   1.4272255e+01   1.0969206e+01   1.5081242e+01   9.6466192e+00   2.4763475e+00   5.7037078e+00   1.3439080e+00   5.8781558e+00  -4.1060960e+00   8.2146914e+00   2.0494295e+00  -5.3969334e-01   3.7543586e+00   3.7286283e+00   1.1886325e+00  -3.6327292e+00  -2.6334956e+00   2.3323471e+00   4.2131317e+00  -1.1188442e+01  -1.3389806e+01   8.2913340e+00  -2.3347873e+00
