   0.0000000e+00   5.0000000e-01   1.0000000e+00   1.5000000e+00   2.0000000e+00   2.5000000e+00   3.0000000e+00   3.5000000e+00   4.0000000e+00   4.5000000e+00   5.0000000e+00   5.5000000e+00   6.0000000e+00   6.5000000e+00   7.0000000e+00   7.5000000e+00   8.0000000e+00   8.5000000e+00   9.0000000e+00   9.5000000e+00   1.0000000e+01   1.0500000e+01   1.1000000e+01   1.1500000e+01   1.2000000e+01   1.2500000e+01   1.3000000e+01   1.3500000e+01   1.4000000e+01   1.4500000e+01   1.5000000e+01
   2.3010593e+00  -2.7944934e+00   6.1260529e+00  -1.1426820e+01  -4.0834157e+00   3.9818574e+00   6.0785683e+00  -6.4268235e+00  -5.7758455e+00  -2.2621835e+00   5.5248497e-01   5.0584597e+00  -2.8808145e+00   2.6694006e+00   3.7669359e+00   8.6034122e+00  -4.8577324e+00   2.6332506e+00   2.3797261e+00  -4.2640377e-01  -8.6916044e+00   5.1719164e+00   5.7994937e+00  -1.8752617e+00  -2.9661716e+00  -3.8999238e+00   2.7605391e+00  -4.6367174e+00   7.2688833e+00  -1.2868690e+00   4.9448963e+00
  -2.8200417e-01   5.3319201e+00  -4.2134427e+00   8.5410100e+00  -5.5733050e+00   1.2066704e+01  -1.7703067e+00   1.0976568e+00   1.4207661e+00   8.1761396e+00   2.6189307e+00  -1.5421149e+00   1.7184917e+00   6.7332801e+00   1.2640730e+00   1.6070592e+00   3.7661256e+00   4.1803341e+00   5.6250602e+00   1.0555002e+01  -5.4700954e+00   3.0674058e+00   5.1481259e+00  -7.9947738e+00   1.6596191e+00   1.0617097e+00   1.7897905e-02   6.5818176e+00   7.8794551e+00   2.2211120e+00   2.1948710e+00
   7.8679742e+00   4.5234167e+00  -8.6518195e+00  -8.8675842e-01  -2.4779413e+00  -1.6665579e+00  -8.2707854e+00  -6.7697740e-01  -9.5932457e+00  -1.6242573e+00   7.6124458e+00   4.6858483e+00   1.7424692e+00  -2.6511510e+00   4.2510132e+00   3.7097892e+00  -6.0440787e-01   1.5597488e+00   1.4696107e+00   7.4135798e+00  -5.4897378e+00   5.5705857e+00   2.1751045e+00  -1.0542493e+00  -2.4904698e+00   2.2071498e+00  -1.7398814e+00   1.5230677e+00  -7.5252384e+00   4.6511099e-01  -4.6451457e+00
  -4.1182037e+00   4.1579835e+00   2.6626227e+00  -5.3379478e-01  -1.7149066e+00   1.8093269e+00  -2.4911119e+00   7.1336740e+00  -4.8834564e+00   5.7542499e+00   3.3869824e+00   6.5434827e+00  -4.6059851e-01   5.6914575e+00   1.0162606e+01   8.1460570e+00   8.4847997e+00   1.5111140e+00  -1.4446936e+00  -1.0996777e+00  -3.1077669e+00   7.9803141e+00   2.4876679e+00  -4.8779541e+00   6.6327821e-01  -2.1165167e+00  -3.5931408e+00   1.5022164e+00   2.9039306e+00   3.7434089e+00   5.3020495e-01
   4.5469700e+00  -1.0231836e+00  -1.2118082e+00  -2.7737294e+00   6.0369522e-01  -3.9013986e+00  -2.4739453e+00  -1.4665022e+00   9.7603835e-01  -3.5422519e+00  -1.4106345e+00  -1.4453008e+00   7.2963437e+00   5.0947791e+00   2.6276462e+00   2.5172135e+00   3.3312257e+00   4.3644647e+00  -5.5416793e+00   4.3190017e-01  -4.9115007e+00  -1.5666084e+01   3.3723981e+00  -1.9734623e+00   3.9667052e+00   7.5343131e+00  -2.3936215e-01   3.2982941e+00   2.6618384e+00   5.0920807e+00   9.1009422e-01
   2.6223107e+00  -6.3385478e+00   3.0519455e+00   3.8002097e-01   4.3902148e+00  -7.9299336e+00   4.8855298e+00  -1.8079913e+00   2.5718432e+00  -1.6252346e+00   9.7711910e+00   6.2802345e+00  -3.3725751e+00  -1.7469582e+00   4.1835539e+00   2.2799983e+00   3.7509529e+00   1.4111234e+00  -2.9685566e+00  -2.0588620e+00   7.6234012e-01   2.0696515e+00   2.1417062e+00   2.4392737e+00   2.8632860e+00   9.2782684e+00   1.3327307e+00  -1.1840875e-01  -1.1947180e+00  -3.6466932e-01   3.3551437e-01
   2.7436280e-01  -1.3034578e+01  -2.0654091e+00  -4.0642856e-01   5.3315297e-01  -4.7532740e-01   6.7708066e-01   8.0283983e-01   6.5999458e+00   1.8982755e-01  -1.2674985e+01   2.4619015e+00   1.4693194e+01   1.0774400e+01   1.7794606e+00   3.6424474e-01   3.7354358e+00   1.0436976e+01   4.7075925e+00   4.9437098e+00   1.1039745e+00   1.7794705e+00  -7.6560550e+00  -1.5200825e+00  -6.2302741e+00   1.6569364e+00  -2.7334236e-01   2.3075658e+00   3.1650561e+00  -2.0844502e+00   7.1939457e+00
  -2.3740805e+00   3.4818478e+00  -6.2657749e+00  -3.6059623e+00   4.9968013e-01  -2.5208706e+00  -1.1191588e+00  -4.2652704e+00  -7.9719669e+00   1.0185601e+01   3.4537962e+00   9.9040693e+00   3.9303610e+00   3.9847401e+00  -2.2133802e+00   3.1030795e+00  -2.8722247e+00  -3.3661831e+00   4.4152310e+00   3.9843681e-01  -1.9855630e+00  -5.9905182e+00  -1.9093713e+00  -1.1396763e+00   3.4744077e+00   6.3482395e+00  -6.1202810e+00   5.1682308e+00   8.9975813e+00  -3.2853377e+00   3.2328466e-01
   4.4663377e+00  -4.4084618e+00   6.8061308e+00   5.6206221e+00  -1.7173347e+00   1.0027610e+00  -3.8488687e+00   4.7177143e+00  -1.5216270e+01  -1.7598097e+00   2.9085865e+00   3.3992560e+00  -1.1774811e+00   4.8919204e+00  -3.4030981e+00   4.1685446e+00   5.5136968e+00   9.7335539e+00   6.0286702e+00  -6.5595561e+00  -3.1143160e+00   4.8896195e+00   1.0366923e+00  -4.6454614e+00  -3.0874359e+00  -7.5180802e+00   8.6616342e-01  -2.4325349e+00  -3.6300392e+00  -7.2522819e-01   4.1270055e+00
  -2.7642972e+00   2.1847423e+00  -5.7979408e+00   5.9856639e+00  -6.3857579e+00   8.0027614e+00   2.1016880e+00   7.3372165e+00  -1.1462694e+00   1.2935952e+00   2.2578486e+00   4.9326743e+00   2.2874961e+00   8.0734354e+00   3.0113227e+00  -1.8912332e-01   2.3921622e+00   1.9152493e+00   9.5599984e+00   8.4079292e-01   1.9185304e+00   1.5060079e+00   3.0181181e+00  -3.2168719e+00  -1.5063793e+00   1.7735063e+00   2.9920958e+00   5.6595258e+00   3.1420988e+00   2.8369103e+00   2.8696930e+00
