   0.0000000e+00   5.0000000e-01   1.0000000e+00   1.5000000e+00   2.0000000e+00   2.5000000e+00   3.0000000e+00   3.5000000e+00   4.0000000e+00   4.5000000e+00   5.0000000e+00   5.5000000e+00   6.0000000e+00   6.5000000e+00   7.0000000e+00   7.5000000e+00   8.0000000e+00   8.5000000e+00   9.0000000e+00   9.5000000e+00   1.0000000e+01   1.0500000e+01   1.1000000e+01   1.1500000e+01   1.2000000e+01   1.2500000e+01   1.3000000e+01   1.3500000e+01   1.4000000e+01   1.4500000e+01   1.5000000e+01
   2.9702172e+00   3.1863399e+00  -8.0706051e+00  -1.2254819e+00  -3.9997972e+00   1.9692327e+00   1.1518426e+00   4.6727415e-01   7.2743004e+00   6.1934450e+00   5.5329555e-01   1.5904569e+00   1.0888627e+01  -4.0043520e+00   4.9417456e+00   3.4926232e+00   8.7026895e-01   3.9661323e+00   6.7315866e+00   1.9027031e+00   9.0163104e+00  -9.0085433e-03   2.6041198e+00  -6.8900311e+00  -4.4015329e+00  -6.4716387e+00  -4.2327304e+00  -8.9943069e-01   2.5996167e+00   4.8141650e+00  -2.7294413e+00
   9.7711591e-01   5.0905166e+00   3.1804933e+00   1.3518971e-01  -4.2710142e-01   6.8742656e+00  -6.5538700e+00   9.9499250e+00   7.6554418e+00   2.0540227e+00   7.4077688e+00   9.2650206e+00  -3.0774961e+00   4.0713121e+00   4.8524754e+00   1.7929583e+00  -6.2727335e+00   9.9105790e+00  -1.8437558e-02  -1.7471822e+00  -5.3726706e+00  -8.9420329e+00   6.1536821e+00   6.9533896e+00   2.0467150e+00   5.4089145e+00   4.4792504e+00  -4.3256598e+00   3.0263769e+00  -1.3300868e+00  -4.3406567e+00
   1.3466722e-02  -4.9036903e+00  -2.4191703e+00  -3.8237299e-01  -8.1803715e-01   4.8133047e+00   1.1075349e+01  -3.2048777e-01   1.8074994e+00   8.1412240e+00   1.4322762e+00   4.4545546e+00   9.4771206e+00   9.1471110e-01   8.3816742e+00   9.0408687e-01   1.4613119e+01   6.4867989e+00   7.1206562e+00   8.3596600e+00   2.3664375e+00   7.4565419e-01  -3.1078918e+00  -8.1461421e+00   3.7147571e-01  -4.7343440e+00  -1.2332315e+00  -9.8381902e+00  -1.1014553e+01  -6.1968821e+00  -6.0113228e+00
  -7.2899418e+00  -9.9832704e+00   3.2989851e+00   3.2086161e+00   4.1274471e-02   6.8268531e-01   4.7672787e+00   6.1970133e-01   6.6607571e+00   4.1020089e+00   2.4711592e-01   7.8522484e+00  -4.8359213e+00   3.1779865e+00   5.5490420e-01  -4.7702917e+00   5.2420604e+00  -1.0055845e+00   7.5234375e-01  -1.1208403e+01  -3.3680619e+00   2.0536909e-01  -4.5521630e-01   3.4712383e+00   1.1085718e+00   7.5388004e+00   7.6064221e+00  -2.7000458e+00  -2.1321579e+00   2.9109810e+00  -5.0700178e+00
   7.9676801e+00  -4.1145371e+00   2.0153784e+00  -6.9059989e+00  -4.3468280e-01  -2.9484336e+00   4.6552124e+00   4.1013115e+00   7.5092660e+00   3.7854293e-01  -5.0486960e-01  -6.4252010e+00  -1.0108799e+00   8.7338785e+00  -5.8149261e+00   5.0291698e+00   1.3965676e+01  -1.0474709e+01   2.8523487e+00   5.1708464e+00   3.0910543e+00  -4.6743005e+00  -5.2550527e+00  -1.4397859e-02   4.2838734e+00  -5.8110720e+00  -1.5440839e+00   9.2410013e-01  -5.8185869e+00   1.1317180e+00   3.8168471e+00
   1.5898546e+00  -6.3503242e+00   3.0333079e-01  -3.1051522e+00  -4.3341595e+00   1.1203750e+01   9.5082054e+00  -2.0784982e+00   1.2963778e+00   1.2409894e+01   4.2328822e+00   4.6195154e-02   9.3597692e+00   1.1918401e+01   2.1429702e+00   6.8091596e+00  -1.7101592e-01  -7.0874053e+00  -3.4489447e+00  -3.0658642e+00  -5.5749196e+00   1.0625836e+01  -9.7171719e+00  -5.4598385e+00   1.3025949e+00   5.9911011e-01  -4.0412687e+00  -1.2273071e+00   7.4027978e+00   6.0450679e+00  -1.1280383e+00
   8.9319503e+00  -4.7545323e-01   4.1026828e+00   1.0530921e+01   1.1166560e+01   1.0003106e+00   8.8361978e+00   6.5586974e+00   1.1311958e+01   3.5583746e+00   5.2874446e+00   4.7238044e+00   8.3403894e+00   1.1050231e+01   9.7457249e+00  -2.6402291e+00   1.0231485e+01   6.9132938e+00   4.3336803e+00   9.0187448e+00   4.8065714e+00  -4.0192417e+00  -1.3296213e+00  -7.5138601e-01   2.6240380e+00  -9.6582546e-01   3.6283962e-01   4.7419882e+00   3.3551622e-01   9.6573805e-01  -7.6850149e+00
   1.2626671e+00   2.0120434e-01  -2.3778424e+00   2.5015133e+00   1.9465307e-01   1.4636156e+00   3.8310776e+00   9.3316854e+00   7.6502727e+00   1.1829132e+01  -2.4226955e-02   1.1366236e+01   3.4653187e+00   8.7270049e+00  -3.1425433e+00   2.6622061e+00   1.0433883e+01  -1.4039814e+00   7.2026862e+00  -7.7822478e+00  -5.8125781e+00  -1.0241007e+01  -6.8250725e+00   4.1021106e+00  -4.2681775e+00   3.4879049e+00   5.0461171e+00  -4.4826945e+00  -1.3025446e+00   1.9435905e+00  -9.1112713e+00
   2.2160880e+00  -4.0646470e-01   5.8373459e+00   3.1933981e+00   1.8372104e+00   8.9529172e+00   5.6634841e+00   7.7748137e+00   2.2685760e+00  -2.0655933e+00  -1.7763361e+00   1.0010439e+01   1.7767923e-01   3.1781537e+00  -1.2909757e+00   2.5093735e+00   6.2684593e+00  -3.5174855e+00  -8.4484022e-01  -1.0229389e+01  -3.1105769e+00  -7.8694737e+00   5.0632549e+00  -4.2764366e+00   3.5287830e+00   8.9884846e+00  -4.2650656e+00  -7.4554117e+00  -1.2116028e+00   1.2710019e+00   1.2667702e+01
  -7.9987128e+00   5.2863797e+00   2.1235049e+00   5.1166512e+00   2.1559326e+00  -1.5439187e+00   2.5525556e+00   2.9584090e+00   6.9799019e+00   5.6709398e+00   1.1766582e+01   4.0554441e+00   9.7120628e+00   1.3443242e+00   4.5017324e+00   3.7060756e+00   5.7788630e+00  -3.6870417e-01  -2.6226138e+00   5.5622556e+00   5.9193126e-01   6.7670379e-01  -1.1399367e+00  -5.3114226e+00  -6.2074152e-01   7.2896978e+00   8.5699463e+00   3.4120235e+00   1.5761996e+00   1.2852383e+01  -1.3188230e+00
