   0.0000000e+00   5.0000000e-01   1.0000000e+00   1.5000000e+00   2.0000000e+00   2.5000000e+00   3.0000000e+00   3.5000000e+00   4.0000000e+00   4.5000000e+00   5.0000000e+00   5.5000000e+00   6.0000000e+00   6.5000000e+00   7.0000000e+00   7.5000000e+00   8.0000000e+00   8.5000000e+00   9.0000000e+00   9.5000000e+00   1.0000000e+01   1.0500000e+01   1.1000000e+01   1.1500000e+01   1.2000000e+01   1.2500000e+01   1.3000000e+01   1.3500000e+01   1.4000000e+01   1.4500000e+01   1.5000000e+01
   1.7416510e+00   2.0988000e+00   3.1200140e+00   1.2240493e+00   6.2697768e+00  -5.7323583e+00   2.3474801e+00   1.9671198e+00  -4.5521279e-01   1.7791709e+00  -7.6933093e-01  -5.2581807e+00  -7.3136942e+00   2.1851157e+00  -5.6797112e+00   4.9263281e+00   5.6538480e+00   1.5653427e+01   9.4127382e+00   6.7107943e+00   3.5330158e+00  -3.5855050e-01   2.4814054e+00   2.1073477e+00  -1.8255875e+00  -6.0713389e+00   9.1474128e+00  -3.7563933e+00  -2.3708363e+00  -7.7143604e+00  -1.4046018e+00
  -5.9244798e-01  -4.1398641e+00  -2.9825272e-01   5.8655004e+00  -7.4313208e+00   4.0819260e+00  -2.8248007e+00   5.6076738e+00   5.4367979e-01   1.4335562e+00  -2.4131634e+00  -2.2459555e+00   3.0092513e+00   3.7986107e+00   5.4677492e+00   1.0987129e+00   1.3650693e+00   1.0477856e+01   1.0951537e+01   6.2350276e+00   8.7352184e+00   1.0271963e+01   5.3795522e+00   4.4200227e+00  -1.3149019e-01  -5.9608790e+00   7.3180806e+00  -4.9290322e+00  -6.7722464e-01  -3.7372899e+00  -2.9254498e+00
   1.5588984e+00   8.0732394e+00   9.5233247e+00   8.8090707e+00   3.1596914e+00   1.0042702e+00  -1.5377064e+01  -5.6882348e+00  -2.2743403e+00   5.5437989e-01  -3.6853922e+00   4.3145883e+00   4.7737849e+00   1.1185449e+00   5.9882158e+00  -2.9497290e+00   8.6157205e+00   3.9893295e+00   3.3249008e+00   1.4329661e+01   2.2869202e+00  -4.1102972e+00  -4.6331578e+00  -4.9630197e+00   8.3300060e+00   1.7169461e+00   6.4113496e+00   3.5769644e-01  -9.4325733e+00   3.9650505e+00   4.1807519e+00
   2.9852570e-01   7.7839030e+00  -2.3403545e+00  -7.2393579e-01   5.7366122e+00   2.2032296e+00   2.5146398e+00  -8.6252408e+00   5.3295815e+00   1.6429332e+00   1.9498459e+00  -5.8629105e-01   3.8126930e+00  -1.2128900e+00   5.4751521e+00   6.4617154e+00  -5.3922628e-01   7.6055235e+00   1.1542540e+01   2.0774598e+00   3.7636657e+00  -2.9807260e+00   8.1676045e+00   3.6908814e+00  -3.2075030e-01   2.6630848e+00  -8.9922069e+00   6.6804659e+00   6.1426343e+00  -1.7931834e+00  -3.8623021e+00
  -1.9445719e+00  -1.5218672e+00   5.7611038e+00  -1.7470139e+00   7.1380657e+00   3.4269754e+00   1.1693068e+01  -3.7671775e+00   2.8328519e+00   6.8072001e+00  -8.0171807e+00  -5.4919321e+00   4.0333584e+00   1.1384333e+01   7.5550481e+00   7.7826376e+00   5.7283185e+00   4.9055704e+00  -1.0788104e+00   6.1488216e+00   6.4540989e+00  -9.6779268e+00   6.6960674e+00  -9.0874925e+00   6.7760884e-01   3.9689635e+00   9.0521522e-01  -1.3936309e-01  -4.1017579e+00   5.7152352e-01   3.1361325e+00
  -2.2512589e+00   4.7427600e+00  -4.6712535e+00   5.7743833e+00  -6.3505280e+00  -2.0108648e+00  -5.4057012e-01  -2.9453016e+00  -2.1401184e+00   5.0507660e-01   2.2082646e+00  -2.2247822e+00   9.1844697e+00   8.4424750e+00   4.1855407e+00  -7.1855487e-01   5.6051127e+00   1.2839521e+00   1.8360196e+01  -1.7703928e+00  -9.5957233e-01   1.2177995e+00   7.2134923e+00   1.5156595e+00  -8.2919812e-01  -4.5884907e+00   6.1342224e+00  -2.8065013e+00   3.5921461e+00   3.5506816e-01  -9.0780447e-01
   2.7446639e+00   1.1703062e+00  -5.1522383e+00  -2.1639144e+00   5.7524576e+00   2.4716182e+00   3.3139986e+00  -1.8577886e+00  -1.0298474e+01  -1.3739109e+00  -9.4596782e+00  -7.6367170e+00   6.9800803e+00  -9.7082650e-01   9.9672891e+00  -3.7623400e+00   8.4917203e+00   1.4924393e+01   3.8428503e+00   1.1999216e+01   6.1115870e+00   3.3949064e+00   8.6057530e-02  -1.6528309e+00  -1.2561745e-01   3.9598308e+00   6.7637001e+00   3.3700834e+00  -8.4163449e+00  -8.1587050e+00  -1.1865441e+00
   8.6539065e+00  -3.6163561e+00  -5.3427436e+00   4.0254403e-02  -9.3579162e+00   9.1354769e+00  -5.4032360e+00  -6.3102896e-01   8.9989288e-01  -2.2159211e+00  -8.1909410e-01  -8.1323318e-01  -4.2029301e-01   1.2395271e+01   1.8319936e+00  -7.0940840e+00   1.9549624e+00   1.2331645e+01   1.1264523e+01   7.1462853e+00  -1.0360413e+00  -7.3356581e+00   1.1430544e+01  -2.4970145e+00  -8.2434755e-01   3.0943701e+00   8.1780550e-01  -2.3774513e+00  -1.4707229e+00  -2.7421055e+00   4.2518145e+00
   2.9294113e+00  -8.0383107e+00  -2.0711154e+00  -2.4080051e+00   9.3031554e+00   6.3983388e+00  -3.7131818e+00   5.1251535e+00   3.2164777e+00   1.4163869e+00  -5.2993826e+00  -4.8086587e+00  -3.9061274e+00   3.2084548e+00   4.1975032e+00  -1.2257626e+00   1.8279726e+01   5.6328167e+00   4.1137096e+00   8.7891188e+00   2.1386582e+00   5.1660643e+00   7.1757795e+00   5.2525660e+00   2.1824529e+00   4.8880539e+00  -7.8261239e+00   4.1347766e+00   9.4120561e+00  -1.9787191e+00   8.0277533e+00
   1.0673019e-01  -3.6308961e+00   4.3910269e+00  -6.0390621e+00  -3.8700092e+00   3.0289809e-01   6.3585063e+00   1.0628433e+00  -2.9964010e+00  -4.1322403e+00   6.1247707e+00  -1.3176890e+00  -5.3733910e+00   1.5263380e+00   1.6900459e+00  -2.7757716e+00   8.4000976e-01   5.8809120e+00   8.5381078e+00   8.0510246e+00   5.9429924e+00   5.2506120e+00  -3.3547834e+00  -7.2207595e+00   2.3662187e+00  -1.3094110e+01  -6.2590787e+00   2.2820575e+00   6.2395474e+00   2.9605374e+00  -3.9475594e+00
