   0.0000000e+00   5.0000000e-01   1.0000000e+00   1.5000000e+00   2.0000000e+00   2.5000000e+00   3.0000000e+00   3.5000000e+00   4.0000000e+00   4.5000000e+00   5.0000000e+00   5.5000000e+00   6.0000000e+00   6.5000000e+00   7.0000000e+00   7.5000000e+00   8.0000000e+00   8.5000000e+00   9.0000000e+00   9.5000000e+00   1.0000000e+01   1.0500000e+01   1.1000000e+01   1.1500000e+01   1.2000000e+01   1.2500000e+01   1.3000000e+01   1.3500000e+01   1.4000000e+01   1.4500000e+01   1.5000000e+01
  -8.5116503e+00  -8.2592933e-01  -6.2011196e+00  -1.1253097e+00   8.6437850e+00  -5.6775405e-01  -7.8037962e+00   1.9849712e-01  -1.4047754e+00   6.1084749e+00   5.5394397e+00   3.2013872e+00   9.0628769e+00   5.4900532e+00   9.4635307e+00   4.4041837e+00   7.0180987e+00   7.6906165e+00   1.3253089e+00   3.1341198e-01  -4.5657791e+00  -1.4196305e+00  -1.1136731e+01  -2.1564384e+00  -1.4313840e-01   2.1516227e-01   5.0121892e-01  -3.8044337e-01  -6.5473563e+00  -1.9138289e-02  -2.2079838e+00
   2.1295529e+00   5.5684041e-01   5.0394659e-01  -2.7681499e-01  -9.1099661e+00   1.5554301e+00   5.4760349e+00   1.0160956e+01  -3.9636793e-01   8.0414581e+00   6.4697232e+00   1.1611917e+01   6.3504762e+00   6.0617085e+00   1.8765662e+00   6.7522653e+00   4.8283509e+00  -1.1482245e+01  -6.1002556e+00  -7.7274261e-01  -1.1228599e+00   3.5657225e+00   7.2997040e+00  -3.5379424e+00  -2.4989830e+00   4.2427525e+00   2.2609028e+00   1.0228679e+01   2.2258347e+00  -5.8642089e+00   6.8440759e+00
   2.3928979e+00  -1.6092022e+01   4.3247202e+00   3.6171183e+00   3.3286676e+00   1.1888595e+00  -3.3357256e+00   5.4392806e+00  -2.7717718e+00   2.3764577e+00   1.1393316e+01   1.2086819e+01  -5.5627019e+00   1.3005003e+01   1.7223553e+00   1.1245366e+01  -4.3997954e+00  -4.6144814e+00  -5.6825073e-02   4.0328889e+00  -7.0288144e-01  -3.3827805e+00  -3.1097848e+00   7.4930476e-01   4.8135687e+00  -9.2539517e+00  -4.1552767e+00   3.1325135e+00  -5.0332280e+00   2.4108663e+00   6.0095329e+00
  -4.2400940e-01  -4.4239586e+00   5.0718835e+00  -6.2656149e+00   3.9469221e+00   8.8601116e+00   3.0939524e+00  -1.6345051e+00   1.3555817e+01  -2.7904830e+00   5.7606795e+00   1.2485601e+00   5.6941428e+00   7.3634966e+00   9.4336103e+00   5.3968181e+00  -5.2628799e+00  -3.3637174e-01  -6.4317515e+00  -3.2216672e+00   8.7755194e-01  -2.1497942e+00  -1.9963043e+00   2.9987693e+00   4.9400004e+00   1.4159345e+00  -6.2462389e+00  -4.8442449e+00   3.3111836e+00   6.6273073e+00   3.1642231e+00
  -3.2521400e+00  -3.9645900e+00   3.0273459e+00  -1.0158781e-01   8.1468002e+00  -1.4013387e+00  -4.7400847e-01   9.5994027e+00   5.7474515e+00  -9.1479817e+00   8.0367134e+00   3.8580782e+00  -1.5518968e+00   9.2334187e+00   5.3210933e+00   1.0150416e+00   3.4444108e+00   5.7537077e+00  -2.2975495e+00  -8.7203682e+00  -3.0353983e+00  -2.2184098e+00   1.4357756e+00  -3.7482397e+00  -4.5026111e+00   5.3423092e-01   7.0937357e+00   5.7966817e+00  -6.2076410e-01   1.6538403e+00   4.6894052e+00
  -3.4740475e+00  -1.0976297e+00   6.8234460e+00   2.6745552e+00  -2.5447821e+00  -1.7901333e+00   6.1483535e+00   1.0844143e+01   3.3316572e+00   6.0007759e+00   6.9562330e+00  -5.6292239e-01   8.1701014e+00   1.9870371e+00  -5.2468826e+00   9.2488641e+00  -3.2672213e-01  -3.5086967e-01   7.7978635e+00   6.4721205e-01  -1.3212952e+00  -2.2522149e+00   8.3934309e-01  -1.1564265e-01  -5.7455940e-01   6.0691400e+00  -4.6932946e+00  -9.1944722e+00   7.3990915e+00   3.5651977e+00  -9.0205774e+00
   3.6004630e+00  -4.0339571e+00   1.4797794e+00   2.2841272e+00  -5.2504173e+00  -2.3304073e+00  -6.0030132e+00  -2.7392514e+00   3.3997467e-02  -3.1480949e+00   2.4340574e+00  -2.1384583e+00   1.3781950e+01   7.2557581e+00   8.4731687e+00   4.6663331e+00  -5.9812955e+00  -2.1349837e+00   1.3118654e+00  -1.4978753e+01  -8.2254319e+00   2.8891589e+00  -3.0607497e+00   5.7193695e-01   1.0057775e+01  -1.3285271e+01   9.5237052e+00  -3.4924758e+00  -4.6774977e+00   1.1335298e+01   6.1478704e+00
   1.0826671e+01  -8.6317302e-01   1.6982959e+00   4.3758615e+00   4.0643288e+00  -3.3945355e+00   9.7599820e-02   1.8019428e+00  -8.9578233e+00  -1.6980345e+00   2.4464239e+00   1.0563866e+01   8.9328672e+00  -7.4571716e-01  -6.9949572e-01   6.6922780e-01  -9.0898377e-01   1.4379213e+00   1.8109987e+00   7.5315114e+00   6.7598187e+00   5.7069981e+00   2.6355974e+00   3.4870445e+00  -6.8988301e+00   1.5252097e-01   3.1743986e+00   5.0217021e+00   5.4969829e+00   2.1349164e+00  -3.3270738e+00
  -2.3568648e+00   8.0946542e+00  -1.9792007e-03   2.9888136e+00  -1.4160039e+00  -6.0915007e+00   8.9526708e+00  -1.4708639e+00   6.0069800e+00   7.3492645e+00   6.3461216e+00   6.1314530e+00   1.3366923e+01   8.1573156e+00  -6.6842571e+00   1.7396998e+00   4.1205655e+00  -7.6535725e-01  -5.1434485e+00   3.6825549e+00   3.9878602e+00  -8.2263996e+00  -9.4939554e+00  -1.5841582e+00  -2.7219071e+00  -8.9854029e+00   7.0617908e+00   4.3817573e+00   3.9165144e+00   3.6615073e+00  -1.1651413e-01
   4.8808387e+00   1.4748523e+00   2.1958530e+00  -3.1603693e+00   1.2374626e+01   3.2305505e+00  -2.1924435e+00   8.8193464e-01   3.4813052e+00   7.2368372e+00   9.0572386e+00   3.8227135e+00   8.7990761e+00   9.7566533e+00   1.2585423e+01   7.6360342e-01   2.7657190e+00   7.8523504e+00   3.2613160e+00  -1.8757928e-01  -7.3013300e+00   1.4939113e+00   4.8172433e+00  -2.8913469e+00   2.7641527e+00  -2.1016435e+00   8.8580255e+00   1.8743773e+00   9.1002399e-01  -1.0551620e+00   1.7390658e+00
