   0.0000000e+00   5.0000000e-01   1.0000000e+00   1.5000000e+00   2.0000000e+00   2.5000000e+00   3.0000000e+00   3.5000000e+00   4.0000000e+00   4.5000000e+00   5.0000000e+00   5.5000000e+00   6.0000000e+00   6.5000000e+00   7.0000000e+00   7.5000000e+00   8.0000000e+00   8.5000000e+00   9.0000000e+00   9.5000000e+00   1.0000000e+01   1.0500000e+01   1.1000000e+01   1.1500000e+01   1.2000000e+01   1.2500000e+01   1.3000000e+01   1.3500000e+01   1.4000000e+01   1.4500000e+01   1.5000000e+01
   1.1494576e+01   9.2420079e+00  -7.4347600e+00   3.6851506e+00  -5.5356078e+00  -7.7792371e+00  -2.1165613e+00   4.0025932e+00   6.3885852e+00  -1.0182692e+01   5.7395597e-01   2.0230554e+01   8.9008216e+00   1.2854761e+01   3.0688301e+00   1.2698292e+01   7.7696500e+00   5.4446319e+00  -2.4815628e+00   8.7508589e+00  -1.3218305e+01  -6.9309696e-01   5.8435202e+00  -4.4697925e+00  -4.2126560e+00  -1.6288088e+00  -1.1208513e+01   3.2773509e+00   1.9506014e+00  -2.8955030e+00  -3.2643661e+00
   1.2759857e+00   3.0419445e-01   3.4796983e+00  -1.0027063e+00  -1.0827103e+01   6.3778487e+00  -6.9686529e+00  -2.5402358e+00   4.8536626e-01  -7.0708446e+00   1.8913748e+00  -3.7113215e+00   1.5328370e+01   1.3752875e+00   1.1467884e+01   4.5391828e+00   5.9095912e+00  -2.0594014e+00  -1.1953483e+00   3.9713938e-01   5.4438435e+00   2.1317225e+00   7.9926383e+00   2.5490671e+00  -7.4756180e+00   6.3458724e-01  -5.5828353e+00   3.4317772e+00   3.7616971e+00   6.7414272e+00   6.9683700e+00
  -2.0267779e+00  -3.5116973e+00  -1.7568512e+00  -3.3272669e+00  -5.2990792e+00  -5.5394201e+00   2.4243275e+00   8.8980781e+00   8.6409019e+00   8.9720235e-01   1.4935326e+01   1.6069246e+01   5.6717375e+00   8.3059686e+00   1.6418218e+01   6.5236671e+00   9.4534169e+00  -1.9716245e-01  -3.7054418e+00  -1.3767196e+01   2.5315675e+00   4.0194299e+00  -7.4797180e+00   4.2865317e+00   4.4093724e+00   8.8899369e+00   3.2741009e+00  -6.9728147e+00  -1.6295796e+00   6.2314139e+00  -7.3821026e+00
  -9.2971736e-02  -3.6772548e+00  -7.2444137e+00   5.3165935e-01   5.5428415e+00  -1.0604624e+01  -4.4026138e+00  -3.5327235e+00   1.9520111e+00   5.4430719e+00   1.3317328e+01   5.3355934e+00   1.5498592e+01  -1.6394857e-01   1.9567748e+01   2.2586199e+00   1.2872215e+01   1.5216921e+00   1.3994603e+00   2.3512369e+00   6.4410908e+00  -7.3116175e-01   2.6245430e+00  -1.8000829e+00  -4.1543385e-01  -2.5520671e+00   2.4664381e+00   1.2892027e+00   2.4772447e-01  -7.4591194e+00   7.1720043e+00
  -3.4596626e+00  -4.2923217e+00  -2.4270262e+00  -2.6688529e+00  -3.1782852e+00  -1.2377519e+00  -9.4647994e+00   2.7385183e+00  -3.9725961e+00  -2.3487757e+00   1.2414379e+01   4.6546146e+00   1.1432744e+01   1.7466279e+01   4.1038843e+00   9.8018518e+00   4.0002611e+00  -3.4276621e+00  -7.2207211e-01   6.4893561e+00   6.1242119e+00   7.5111897e+00   2.2769188e+00  -3.3647442e+00  -3.3114299e+00   7.4040832e+00   1.6556809e+00  -7.4744301e+00   6.9799005e+00  -8.7513370e+00   1.2002696e+00
  -2.4544201e+00   4.2801266e+00   2.8318064e+00   1.8280927e+00   2.2391270e+00  -2.3430818e+00   7.0443614e-01  -3.3913418e+00   2.3309466e+00   7.4764321e+00   6.8698316e+00   1.0016931e+00   1.7188203e+01   1.3820715e+01   9.0173755e+00   1.9344719e+00   5.6664486e+00   2.6039344e-01   1.0968010e+01  -3.5404912e+00   1.4915815e+00  -2.4927847e+00   4.9515692e+00   3.0928812e+00  -2.8331528e+00   7.4121273e-01   5.0583999e+00  -1.6871120e+01  -3.4782281e+00  -5.7411165e-01   3.8811105e+00
  -1.6130087e-01   8.2185120e+00  -4.3304613e+00  -3.2864593e+00   8.8507883e-01   6.8673315e+00   6.6594602e+00   3.5117571e+00  -1.5652303e+00   6.4101806e+00   3.8667038e+00   1.5689838e+01   6.1176557e+00   1.2080584e+01   1.4607916e+01   3.4788340e+00   1.0312409e+01   7.1878123e+00   1.4486903e+00   2.7984897e+00   8.4857930e+00   9.9741967e+00   8.0560820e+00   4.9928552e+00   7.1473115e+00   3.8161224e+00   7.7773786e-01  -3.3752400e+00   2.7956131e+00  -1.2935087e+01  -1.1117907e+01
   5.1243121e+00  -2.5773678e+00  -7.8532473e+00   4.3219550e+00  -4.9587178e+00  -1.5873151e-01  -4.2319988e+00  -3.2287016e+00  -7.0390876e-01   1.1762950e-01   9.4244360e+00   1.5598987e+01   1.7572243e+00   1.1527825e+01   1.3297386e+01   1.6656412e+01  -1.9795603e+00   5.1203328e+00  -4.9160887e+00  -3.6282986e-01   3.9849760e+00  -5.2159010e-01   2.8893963e+00  -1.4674137e+00  -2.8135907e+00   5.1870130e+00   1.0939849e+01  -2.1860704e+00   2.6948992e-01  -7.0128254e+00   3.0674011e+00
  -1.6771965e+00   1.7149412e+00  -9.3810721e-01   9.9703024e+00   6.8054512e+00   1.6482232e+00   1.7395318e+00   4.7500467e+00  -3.9902209e+00   5.1095274e+00   1.0502345e+00   1.2912183e+01   1.7141292e+01   7.6116335e+00   1.5853919e+01   2.2084430e+00   2.9794221e+00  -1.5759518e-01  -3.4956762e+00   7.3093126e-01   4.3867302e+00   3.3686843e+00   1.7781109e+00   9.7798276e-01  -4.7567891e+00  -3.4339747e+00   2.2465759e+00  -9.6360932e+00   1.5369128e-01   5.3477838e+00  -6.8751700e-01
  -5.9166432e+00  -2.8925938e+00   4.1751391e+00  -1.2777797e+00  -4.0982796e+00   2.1187809e+00  -1.9218962e+00   4.8278427e+00  -4.3058808e+00  -7.7187253e-01   3.3590310e+00   5.6744551e+00   2.7735407e+00   6.1963661e+00  -1.1984627e+00   1.0925009e+01   5.6124430e+00  -1.4674445e+00  -1.2143140e+00  -5.8646814e+00  -2.1469918e+00   5.2615233e+00  -4.7378926e+00  -5.3284948e-01   4.1139417e+00   5.1580179e+00  -1.3706338e+00   3.6541432e-01   3.1232540e+00  -1.4537279e+00  -8.2215105e+00
