   0.0000000e+00   5.0000000e-01   1.0000000e+00   1.5000000e+00   2.0000000e+00   2.5000000e+00   3.0000000e+00   3.5000000e+00   4.0000000e+00   4.5000000e+00   5.0000000e+00   5.5000000e+00   6.0000000e+00   6.5000000e+00   7.0000000e+00   7.5000000e+00   8.0000000e+00   8.5000000e+00   9.0000000e+00   9.5000000e+00   1.0000000e+01   1.0500000e+01   1.1000000e+01   1.1500000e+01   1.2000000e+01   1.2500000e+01   1.3000000e+01   1.3500000e+01   1.4000000e+01   1.4500000e+01   1.5000000e+01
   2.0634950e+00   1.6990169e+00  -1.5150106e+00   2.1740480e-01  -1.0803986e+01  -2.5339955e+00  -5.9246219e+00   3.8782184e-01   3.2491135e+00   2.7687368e-01   8.7799204e+00   1.2910583e+01   8.8834020e+00   1.4233004e+01  -2.3738509e+00   9.1890314e-01   4.1406772e+00   7.6573459e+00   5.5717158e-01   4.3925668e+00   1.3168055e+01  -1.9339432e+00  -3.0294758e-01   1.4589177e+00  -3.8304568e+00   4.5741796e-01  -5.8690024e+00   5.0650110e+00  -6.9593548e+00  -3.2085108e+00   8.0374528e-01
  -1.7104273e+00  -9.7434913e-01  -1.9781575e+00   4.0425330e+00  -4.9279565e+00   1.2308645e+00  -3.0421518e+00   3.9541634e+00   4.6476008e+00  -7.8837034e+00   2.7619004e+00   1.1501594e+00  -3.4796679e+00   7.6081350e+00   3.5146229e+00   6.2098877e+00  -2.8041899e+00   9.1390967e-01   8.3047538e-01  -4.7628317e+00  -2.1002019e+00   7.7482177e-01  -1.3969651e+01   6.9383045e+00   4.3792431e+00  -1.8008929e+00  -9.7560121e+00   6.1821453e+00  -5.8964008e-01  -2.0992716e+00  -8.7790147e+00
   9.6838972e-01   7.2141804e-01   7.4433855e+00  -3.5595538e+00   4.7598705e-02  -6.6647672e-02   1.7723284e+00   2.8481782e+00  -1.3198833e+00   7.2574530e+00   2.1268416e+00  -5.3208964e-01   6.1838070e-02   1.2509107e+01  -6.6504295e+00   4.8633521e+00  -2.3125202e-01   3.6148845e+00  -4.3268306e+00  -6.4076928e+00   6.4088575e+00  -2.2025504e+00   6.9688831e+00   8.5750221e-01  -5.2549440e+00   1.1076799e+00   3.1583016e+00  -1.0568959e+00  -8.4841428e+00  -3.2890255e+00  -8.8683850e-01
  -6.1891898e+00   5.7053056e+00   6.6911227e+00   2.4620215e+00  -7.8222941e+00  -9.3180722e+00   6.3318064e-01  -4.3663581e-01  -2.7870482e+00   9.1667456e+00   2.7776560e+00  -7.6591558e-01   6.7303980e+00   2.0353923e+00  -3.6131877e+00   5.5558039e+00   7.7115031e+00   7.8867930e-01  -1.7170128e+00  -2.1308048e+00  -7.6086775e-01  -2.3279828e+00  -5.9669922e+00   4.9435969e+00   2.0022975e+00  -1.1205416e-01   2.3715470e+00  -3.4605652e+00   1.3004808e+00   3.6850537e+00   2.6267839e+00
   3.1708598e+00  -5.9180205e+00   2.4492103e+00  -2.9171601e-01  -2.4676580e+00   3.3500146e+00  -4.7185853e+00  -1.2225505e+00   1.5778621e+00  -2.2788779e+00   2.5137168e+00   8.8417423e+00   1.6884620e+01   3.0694557e+00   5.8183587e+00   8.6329150e+00  -2.3648307e+00   2.8633650e+00  -1.8193858e+00  -4.7307841e+00  -8.4231678e+00   4.8487456e+00   6.8461387e-01  -1.3999066e+00   9.5776202e+00   5.7671594e+00   1.4110373e+00   4.9216965e+00  -8.1543222e+00  -7.7121918e+00   8.8302933e+00
   6.0246162e+00  -1.3351897e+00   3.2525277e+00  -1.9974193e+00   9.3892943e+00   1.8185636e+00   6.7989763e-01   1.5208466e+01  -9.5301227e-01   3.0849975e+00   8.8040017e+00   6.0391687e+00   5.5003296e+00   6.7581689e+00   4.7817337e+00   3.2857685e+00   2.3230748e+00  -2.3753573e+00   8.2718762e+00  -6.9660805e+00   6.0979327e-01   4.1919231e+00  -6.3985607e+00  -3.4873150e+00  -1.8074150e+00   9.4135138e+00   3.8195783e+00   4.1085452e+00   2.9582859e+00  -3.7681967e+00  -1.0187448e+00
   8.7788147e-01  -9.1478522e-01  -1.1438959e+00   6.7044533e+00  -9.9450052e+00   3.1932303e+00  -1.3773144e+00   2.3834703e+00   6.5577648e+00  -4.0725446e-01  -3.2540206e-01   4.9533724e+00   7.2585248e+00   8.1806731e+00   2.9653166e+00   4.8941852e+00  -4.5490281e+00   6.4230661e-01   4.2020726e+00  -1.9281394e+00   4.7235859e+00  -3.6856964e+00   6.1219355e+00  -4.7566792e+00   1.2791966e+01   7.5607836e-01   9.4809960e-01   4.3230344e+00  -1.5524131e+00   1.0626441e+00   2.4025300e+00
  -1.0180124e+00   2.1113354e+00  -2.4811971e+00  -2.2600804e+00   3.7408545e-01  -9.3033495e-01   2.4133539e+00  -2.1161365e+00  -9.7205336e-01  -9.9052477e+00   5.5091406e+00   7.3600130e+00   4.5277364e+00   4.3340893e+00  -2.3892826e-01   2.7008239e+00   8.4580380e+00  -3.2133872e+00   6.1146652e+00   2.8985327e+00   4.1362053e+00  -1.1842532e+00  -1.0469662e+01   2.8369217e+00   7.8681059e-01  -7.5004783e+00  -1.1249341e+01   7.0696377e+00  -4.3676025e+00  -9.3137797e-01   2.3777072e+00
  -2.8858131e-01   1.0005101e+01  -3.7061106e+00   6.6600389e+00   5.0184725e-02   2.6458470e-01  -1.2744378e+00  -1.2845226e+00  -4.7589375e+00   3.7246124e+00   1.1219367e+01   1.3913519e+01   1.1459626e+00   7.2977953e+00   2.3728712e+00  -2.5645765e+00   2.6651200e+00  -1.1588505e+00   3.7487827e+00   3.8787895e+00   8.8418054e+00   3.5960757e+00   6.3213902e+00  -2.5928539e+00  -7.5597440e+00   3.7510701e+00   3.1590195e+00  -1.2652124e+00   6.0208042e+00  -1.8655773e+00   1.1088522e+01
   4.1043331e+00  -7.7311644e+00  -8.0195628e+00   1.0059517e+00  -3.3388663e+00  -3.9770379e+00  -5.5673695e-01  -1.2377351e+00  -5.5672184e+00   4.6946466e-01  -5.3333527e+00   6.5892122e+00  -2.9176367e+00   2.0677708e+00   4.6248240e+00   6.2028280e+00   9.5057429e+00   5.6436128e+00   8.8109674e+00  -9.1250265e+00  -1.4192494e+00   5.5541310e-01  -4.3424847e+00  -3.2917701e+00   6.1623056e+00  -2.1922401e+00  -2.3085424e+00  -8.7657216e+00  -1.5799581e+00  -4.7130354e-01  -8.1578439e+00
