   0.0000000e+00   5.0000000e-01   1.0000000e+00   1.5000000e+00   2.0000000e+00   2.5000000e+00   3.0000000e+00   3.5000000e+00   4.0000000e+00   4.5000000e+00   5.0000000e+00   5.5000000e+00   6.0000000e+00   6.5000000e+00   7.0000000e+00   7.5000000e+00   8.0000000e+00   8.5000000e+00   9.0000000e+00   9.5000000e+00   1.0000000e+01   1.0500000e+01   1.1000000e+01   1.1500000e+01   1.2000000e+01   1.2500000e+01   1.3000000e+01   1.3500000e+01   1.4000000e+01   1.4500000e+01   1.5000000e+01
  -3.7770434e+00  -2.2277973e-01  -5.4978960e+00   3.8842802e-01   7.7508884e+00  -4.9635673e+00   6.3493388e-01   1.6932010e+00  -1.6628733e+00   2.7002002e+00  -1.1852803e+00  -1.1334429e+00  -2.1550486e+00  -1.9195639e+00   8.2826708e+00   7.7810214e+00   9.5869766e+00  -2.2286244e-01   1.0969286e+01   4.9082062e+00   1.2922214e+01  -6.1081252e+00   5.9897654e+00   1.5324949e-01   1.6603040e+00   2.5368319e-01   2.1145782e+00   5.1386226e+00  -4.5051886e+00  -1.3122289e+01   1.4064028e+00
   2.9211717e+00  -1.0253951e+01   4.3021134e+00   3.8691193e+00  -3.0306687e+00   1.9756613e+00  -9.4086017e+00   3.5076285e+00   3.2455609e+00  -1.4576637e+00   1.9794505e+00   5.3142895e+00   8.1417197e+00   8.3080965e+00   1.2224147e+01   1.9124660e+01   9.7215875e+00   1.3167327e+01   1.2815530e+01   5.5269634e+00   1.4770001e+01   1.7776088e+00  -7.9295473e-01   4.0462705e-01   4.0062280e-01   5.0167249e+00   1.5607872e+00   4.5026479e+00  -2.5431342e+00  -4.8438566e+00   7.1155422e+00
  -8.7210676e-01   5.0281084e-02  -2.6627908e+00  -5.7327336e+00   3.4370267e+00  -4.8329852e-01  -3.1987948e+00   1.0518937e+01   2.4959342e+00  -3.1746589e+00   4.5576592e+00  -3.6123615e+00   6.1924149e+00   1.9013284e+01  -1.6265647e+00   5.0563220e+00   3.9620569e+00   5.2973913e+00  -3.3603136e+00   1.1301087e+01   1.1937083e+01   4.5522119e+00   9.9236993e+00   3.4014239e+00   5.1473844e-02   5.9107436e+00   7.0221346e+00   5.3069326e+00  -2.0238925e+00   1.9089932e+00  -7.4914857e+00
  -3.1082856e+00   2.9556202e+00   5.7918358e+00  -1.3507582e+01   8.4776656e+00   8.9703801e+00  -8.1184032e+00   2.7442755e+00   4.3141988e+00  -2.9928921e+00  -5.0699078e-01   1.0234363e+01   5.0014874e+00   1.2214051e+00   6.9505198e+00   5.1935427e+00   5.5524941e+00   1.3522611e+01   2.1026445e+00   4.0910541e+00   9.8274329e+00  -1.7246944e+00   1.2361635e+01   1.0119505e+01   1.0732321e+01   1.5551159e+00  -1.8662239e+00   8.7879297e+00  -3.3447824e+00   1.1449099e+00  -5.9631327e+00
  -9.0769681e+00  -4.1592823e+00   7.0725671e+00   2.8432160e+00   4.7771083e+00  -6.7991905e+00   8.2670254e+00  -6.0168924e+00   1.5130064e-01   8.0584477e+00   4.9566400e+00   1.6026295e+01  -1.0537388e+01   1.0991050e+01   7.3046966e+00   8.5648675e+00   7.1095367e+00   6.1052752e+00   8.6082319e+00  -2.3529009e+00   1.0891232e+01  -7.6570943e-01   3.1717443e+00   2.1503317e+00  -9.4116642e-01   6.7666918e+00   6.8917916e+00  -1.3506390e+00  -3.2750887e+00   5.8393990e+00  -1.1816082e-01
  -3.9986325e+00  -8.2856086e+00  -7.1464117e-01  -9.5646800e+00  -7.5270541e+00  -2.2239868e-01  -1.1093856e+01  -2.6987502e+00  -5.4503444e+00  -5.5147959e+00   1.9017448e+00   1.2455624e+00  -5.8047209e+00  -1.9389525e+00   1.6546558e+01   5.0016432e+00   8.9666758e+00   6.4659125e+00   6.7827939e+00   9.5457858e+00   1.4653280e+01   1.0415598e+01   6.3493208e+00  -1.3431928e-01   8.1297713e+00  -3.6665162e+00   1.9063534e+01   7.4750419e+00  -1.3399751e+00  -7.7337842e+00  -3.4870426e+00
   3.1568638e+00   7.5248627e+00  -8.6036634e+00  -8.1402633e-01  -3.5973739e+00   8.6980459e+00   6.4185521e+00  -3.3368763e+00  -3.4079156e+00   4.8794207e+00   8.8054786e+00   5.2090839e+00   8.1247937e+00   9.1381045e+00   1.8976209e+01   1.3754209e+01   1.2186702e+01   9.9666335e+00   1.0186068e+01   3.0602020e+00   9.7466396e+00   3.9156439e+00   4.0948994e+00  -4.6935463e+00   5.1366027e+00   7.3954075e+00  -4.9856848e+00  -2.6814386e+00  -5.2323332e+00  -5.9446775e+00   1.0716105e+01
  -2.9422407e+00   1.0563867e+00  -1.6924685e+00  -6.0689259e+00  -3.0495519e+00  -1.3496195e-01  -5.2161328e+00  -5.1694384e+00  -3.7998636e+00   2.2987799e-01   7.1103140e-01   4.3502417e+00   4.0046786e+00   2.4323160e+00   7.8422964e+00   1.0710793e+01   3.9378954e+00   3.5883337e+00   1.0810455e+01   1.2977510e+01   1.1368555e+01   3.3706457e+00   8.6231931e+00   1.1312967e+01   4.5526217e+00   1.4396276e+00   4.4668640e+00   5.9458141e+00   7.8065009e+00  -1.4593193e+00  -2.4390034e+00
  -6.0140653e+00   1.9769281e-01  -4.1332056e+00  -3.2255987e-01   5.5469335e-01  -9.2805315e+00   2.2176330e+00   3.2217855e+00   3.5803302e+00   3.4815493e+00  -7.2946713e-01  -5.4972832e+00   5.6306498e-01   5.7034912e+00   1.0197388e+01   4.3397383e+00   4.5240558e+00   9.3473533e+00   4.4942321e+00   5.6129068e+00   3.1025905e+00   5.2626570e+00   1.0275135e+01   9.4110896e+00   6.0820860e+00   5.0026361e+00  -4.9100623e+00  -7.0143207e+00   1.3596616e+00  -2.8694081e+00  -3.6499307e-01
   2.8678102e+00   4.2465244e+00   7.4870789e-01  -1.4618853e-01   2.8799256e+00   8.0869987e+00   6.1568325e+00  -2.3613544e+00   2.1319261e-01  -4.6543128e+00   4.8360239e+00   2.4672295e+00  -2.0093384e+00   2.5153206e+00   4.6672186e+00   9.3160916e+00   1.5860467e+01   1.1468211e+01  -3.4709561e+00   7.1898209e+00   1.4267867e+01   7.8876269e+00   8.5760698e+00  -4.1966710e+00   1.9123334e+00  -3.5236499e+00   2.9679162e+00  -6.4939870e+00   2.7431812e+00   6.7344162e+00  -4.2370782e-01
