   0.0000000e+00   5.0000000e-01   1.0000000e+00   1.5000000e+00   2.0000000e+00   2.5000000e+00   3.0000000e+00   3.5000000e+00   4.0000000e+00   4.5000000e+00   5.0000000e+00   5.5000000e+00   6.0000000e+00   6.5000000e+00   7.0000000e+00   7.5000000e+00   8.0000000e+00   8.5000000e+00   9.0000000e+00   9.5000000e+00   1.0000000e+01   1.0500000e+01   1.1000000e+01   1.1500000e+01   1.2000000e+01   1.2500000e+01   1.3000000e+01   1.3500000e+01   1.4000000e+01   1.4500000e+01   1.5000000e+01
  -2.1848748e-01  -2.7506745e+00   6.6466481e+00   8.6655781e+00  -4.7580170e+00   7.8017686e+00  -1.3743972e+01   3.5899590e+00  -4.1172456e+00   3.6166635e+00   2.0762806e+00   1.1301252e+01   3.0497633e+00   6.4386122e+00  -2.9643675e+00  -6.5595797e+00   1.2419977e+00  -4.9527806e+00   1.1465892e+01   4.5251850e+00   1.4580144e+00  -9.0431100e+00   4.3878798e+00  -6.4071093e+00  -3.1269675e+00  -7.6405434e+00   6.6561108e+00   4.4815285e+00  -1.4657082e+00   6.5317957e+00  -5.1858050e+00
  -1.6988824e+00   5.6944507e+00   2.4620099e+00  -9.5611045e+00  -1.6368316e+00  -6.0439977e-01  -3.0803395e-01  -3.4202369e+00   1.7791340e+00  -7.7246170e+00  -3.3952610e+00   1.1728239e+00   4.3967145e-01  -3.9277887e+00   1.9767906e+00  -5.4047913e-01   2.0749912e+00   1.2920932e+00   6.7511026e+00  -3.5552540e-01  -9.6263729e+00  -7.0004653e+00  -7.2251890e-01  -4.6496590e+00  -1.9439504e+00   5.0848250e+00   5.0128744e+00   1.5899823e+00   1.6448419e+00   1.5911062e+00   5.6285607e+00
  -5.1284921e+00  -2.9148916e+00   2.0427372e+00  -2.5794240e+00  -5.5458239e+00   1.0242184e+00  -8.1950186e+00   5.3290733e+00   6.8217290e-01  -5.6645364e-01  -4.4628242e+00  -8.9738837e+00  -1.1296809e+01  -2.5581050e+00   3.8760309e+00  -9.3292210e+00  -1.1504930e+00  -2.7658668e+00  -3.6622740e+00   4.1537878e+00  -6.0934691e+00  -6.9254030e+00   1.0265039e+01  -8.7806485e+00   6.5734176e-01   3.9198846e+00   6.7486701e+00   6.0857290e+00  -1.3479529e+00  -6.4465261e-02   1.8713617e+00
   6.2117890e+00  -1.1423095e+01  -3.7053504e+00   9.1826938e+00   3.0064486e+00  -1.5954968e+00   5.9977928e+00   1.0869526e+00   3.8629657e+00  -6.3144646e+00  -4.6990634e+00   5.1111194e+00   5.3093005e+00  -9.8644250e-01  -2.7616874e+00  -8.6949795e+00   2.9512395e-01  -2.0821134e+00  -2.8106481e-01  -1.4732663e+01   6.9044363e+00   1.5024708e-01  -8.3906127e+00   5.8036118e+00  -6.8647324e-02   1.6019103e+00  -6.5180629e+00  -5.5969182e+00   8.0674118e+00  -1.7163045e+00  -3.1451477e+00
  -6.6308995e+00  -1.6070026e+00  -3.8931290e+00  -2.4269912e-01   4.7571347e+00  -4.1861497e+00  -5.2564114e+00  -1.6305304e+00  -2.1980652e+00   6.8631210e+00  -2.7189392e+00  -2.5742186e+00  -2.2382485e+00   1.1127832e+00  -4.7335127e+00  -1.0535277e+01  -5.9399284e-02  -3.7005665e-01   4.9849646e+00  -2.1847830e+00  -2.9290185e+00  -6.6386731e+00   4.6826815e+00   4.6003786e+00   2.9121868e+00   5.0196610e+00  -5.1067394e+00   5.5769348e+00   3.4336694e+00  -2.0239324e+00  -3.9675659e+00
  -1.1099897e-01  -3.8722380e+00  -5.0927062e+00   1.5657354e+00   3.8176881e+00   7.1822066e-01   2.2114474e+00   1.0780380e-01   1.4311208e+00   9.2938508e-01   5.1846238e-01  -4.6442611e+00  -3.2214684e+00  -3.2548197e+00  -5.5454043e-01   3.8221411e+00  -1.0775717e+00  -3.9625705e+00   6.9275345e+00  -5.5717100e-01  -1.5607675e+00   1.4082099e-01   7.0321838e+00   3.1733007e+00   1.0512114e+01  -1.6454471e+00  -1.5969978e+00   4.9033830e+00  -9.9977996e-02  -8.8568913e-01  -6.9124655e+00
   4.9673777e+00   6.5826334e+00   9.7244873e-01  -2.1096564e+00   7.7193947e+00  -4.5205692e+00   3.7408137e+00  -5.7002507e-03  -6.5015339e+00  -2.8704666e+00   4.1003260e+00   2.2067385e+00   5.8085844e+00  -1.0549162e+00   7.7857297e+00  -3.8022999e+00   2.2505486e+00   8.7776635e-01   1.5265219e+00  -6.3287750e+00   8.5256439e-01  -1.4124991e+00   1.3557381e-01   6.2613262e+00   2.7800729e+00   2.8267638e+00  -1.2748688e+01  -8.4454653e+00   9.4255460e+00   2.2201053e+00  -5.6468216e+00
   3.6189835e+00  -3.9176680e+00   6.2901451e+00  -8.7200759e+00  -4.6821885e+00   1.8355072e+00   4.4149510e+00  -1.8028162e+00   2.1660180e+00   4.1402249e-01  -1.5668379e+00  -2.6259346e+00  -4.4132413e+00  -3.5593877e+00   3.5400507e+00  -9.3649518e-02  -5.2207298e+00   1.8549787e+00  -5.6910502e+00  -2.8455742e+00   1.8888755e+00  -2.5251860e+00  -3.1127093e+00   1.7812013e+00   8.1637792e-01  -2.7896333e-01  -2.6191253e+00   7.0094012e+00   9.1492316e+00   9.2069690e+00  -1.0876860e+00
   1.4352136e+00  -8.9882826e+00   4.5825260e+00   5.0694346e+00   9.9667792e-01   2.5653677e-01   4.5094028e-01   2.6541031e+00   2.9044913e+00   1.0619684e-01  -3.5667453e+00   3.7963618e+00  -2.4990041e+00   5.0972183e+00   9.8648432e-01  -3.6125008e+00  -8.5697861e+00  -6.3069385e+00  -2.5708457e+00  -1.0951749e+00  -4.0897353e-01  -6.2133616e+00  -6.0134130e+00  -2.2753538e+00   8.2694908e-01  -8.0890244e+00  -1.9159637e+00  -1.5304084e+00  -1.0229098e+01  -1.1863323e+01  -1.4638233e+00
   4.1353474e+00  -1.0099985e+00   3.5032341e+00   3.7317223e+00   6.4733525e+00  -1.4919717e+00  -4.8535514e+00   6.7483493e+00   6.7527993e+00  -2.3345113e+00   1.9497867e+00  -3.4866030e+00   5.4850292e+00  -2.9975123e+00   1.6075309e+00   1.8939159e+00  -6.3213472e+00  -2.2494435e+00  -1.1063131e+00  -2.0539670e+00  -6.2595456e+00  -6.9321013e+00  -4.5971900e+00   5.1162511e+00  -1.1517237e+00  -4.9091649e+00  -6.3238281e+00  -2.4451821e+00   3.5110708e+00   7.6844467e-02  -1.2199738e+00
