   0.0000000e+00   5.0000000e-01   1.0000000e+00   1.5000000e+00   2.0000000e+00   2.5000000e+00   3.0000000e+00   3.5000000e+00   4.0000000e+00   4.5000000e+00   5.0000000e+00   5.5000000e+00   6.0000000e+00   6.5000000e+00   7.0000000e+00   7.5000000e+00   8.0000000e+00   8.5000000e+00   9.0000000e+00   9.5000000e+00   1.0000000e+01   1.0500000e+01   1.1000000e+01   1.1500000e+01   1.2000000e+01   1.2500000e+01   1.3000000e+01   1.3500000e+01   1.4000000e+01   1.4500000e+01   1.5000000e+01
  -8.2822438e+00   2.2319933e+00  -3.3414996e+00  -5.2975984e+00   2.0797716e+00  -4.6270446e+00  -1.5156985e+00   7.3819387e-01   4.2838252e+00  -2.4260512e+00   3.4123280e+00  -8.0083018e-01   1.2604810e+01   6.6062385e+00   7.2938342e+00   7.0718884e+00   1.3363420e+01   1.0067778e+01   1.7101428e+01   8.5894789e+00  -1.7640028e+00   2.1405920e+01   4.0463819e+00  -8.4027258e+00   4.5660932e+00   3.7846134e+00   2.0255812e+00  -2.9199742e+00  -2.9858257e+00  -6.8050661e+00   5.4127571e+00
   5.2524475e+00  -2.4932268e+00  -5.8452796e-01   5.4595307e+00   1.1619256e+00  -4.3455982e+00   1.2425426e+00  -6.1749690e+00   2.6068432e+00   7.0044144e+00  -1.2554886e+00  -9.5454437e-01  -5.4115256e-01   4.1724746e+00   8.8914526e+00   1.1979291e+01   1.6241459e+01   2.0269967e+01   1.4411119e+01   1.2399582e+01   8.8498222e+00   4.9635072e+00   6.7784087e+00   9.9075970e+00   6.4467379e+00  -6.3224657e+00  -2.7003284e+00   2.4334584e+00  -5.8627451e-01  -1.0590404e+01   7.9160515e+00
   1.6981870e+00   4.9229968e-01  -7.1809847e-02   1.1764609e+00  -9.5171017e+00   1.0302619e+00  -1.0015951e+01   3.1612073e+00  -2.9109614e-02  -2.2490495e-01   1.2218657e+00   5.9695592e+00   6.1832253e+00   5.7115123e+00   1.1333866e+01   1.0386261e+01   2.9753242e+00   1.6824631e+01   1.0193716e+01   1.1097284e+01   1.5831597e+01  -2.5783496e+00  -9.3502600e-01  -4.0589265e+00  -4.6962425e+00   1.9319400e+00  -7.4953933e+00  -6.3821020e-01  -1.6061213e+00  -4.7343125e-01   1.2535641e+00
   4.6513955e+00  -9.1200897e+00   2.0259460e+00  -1.3928145e+00   8.4394115e+00  -5.7706513e+00  -4.9962182e+00  -2.9247141e+00   9.3709696e-01  -1.0941008e+01   1.8442958e+00   6.2073497e+00   1.2939504e+01   1.6072464e+01   6.4987427e+00   1.3383077e+01   5.4168201e+00   5.3172716e+00   9.1859334e+00   1.4156892e+01   1.9830815e+00   1.8983263e+01  -2.4401179e+00   1.0289079e+01  -1.5748932e+00  -9.4842267e+00   2.5491996e+00   6.5975979e+00  -5.0764165e+00  -8.3426396e-01  -1.3988224e+00
  -1.8862173e+00   2.8225411e+00   4.0532393e+00   2.6744224e+00  -1.3180217e+00   9.0033764e+00  -4.4732928e+00  -3.0509749e-02   1.6690418e+00   1.1142960e+00   5.0745421e+00   2.0074175e+00  -4.6301856e-01   7.5916573e+00   1.2184115e+01   5.0427112e+00   9.8130527e+00   1.4258958e+01   1.3773032e+01  -5.5356051e-01   3.5100422e+00   1.5865939e+01   5.9418607e-01  -3.0340989e+00  -6.3944430e+00   1.8031592e+00  -1.0163246e+01  -8.7319892e+00   2.1035972e+00  -5.0042698e+00   7.4818138e+00
   4.1009942e+00  -5.8313607e+00   6.3814930e+00   3.7183041e+00   1.5117274e+00   2.2728364e+00  -4.1243169e+00  -6.4772892e-01  -7.2296342e+00   9.7393490e-01   7.6383947e-01   6.4787554e-01   1.4055506e+00   9.4811590e-01   1.1464561e+01   1.7098715e+01   1.9445829e+01   1.4047467e+01   1.0564305e+01   1.1866864e+01   1.4690178e+01   6.0555285e+00  -2.8830379e+00  -1.1080987e+00  -4.2630174e+00  -3.7958452e+00  -9.3531135e+00   4.6814016e+00   4.2653345e+00   2.3667213e+00   1.2784472e+00
   5.0845624e+00  -3.6193485e+00   4.5954850e-01  -1.8638344e+00  -5.8034924e+00  -3.3558376e+00  -4.6966858e+00  -5.8001299e+00   1.4736341e+00  -8.0410542e+00   1.1577624e+01   2.6000267e+00   4.4992983e+00   8.2186095e+00   1.1020850e+01   3.6175402e+00   1.3936943e+01   1.8714250e+01   9.2275321e+00   1.5685787e+01   6.4209015e+00   7.5441839e+00  -4.8743233e+00  -9.2540621e+00  -4.0198054e+00  -3.0503151e+00   1.2245900e+01   2.2077122e+00  -1.8807827e-01  -5.2481564e+00  -1.6296137e+00
  -5.9966680e+00  -4.7628517e+00  -4.9247354e-01   4.3608404e+00  -7.7011597e+00  -1.3775052e+00   9.2304470e+00  -8.2820092e+00  -4.8345705e+00   9.9425832e+00  -2.8705841e+00   2.6450675e+00   6.1748980e+00   7.7598315e+00   5.6335296e+00   1.4243534e+01   1.5566026e+01   1.6511278e+01   1.0006625e+01   4.8159585e+00   7.3516993e+00   3.5864255e+00   4.6679524e+00   3.7836533e+00  -3.1581538e+00  -2.7453733e-01   1.2244013e+00   1.0436203e+01   7.3553323e-01  -1.5563373e+00   3.1074216e+00
   8.0121099e-01  -5.8390570e+00  -1.2210808e+00   1.9912268e+00   2.8182360e+00  -5.3976891e+00  -9.0964636e-01   1.4789359e+00   9.0835529e-01   2.4369818e+00   2.3896131e+00   1.9091520e+00   5.0735214e+00   4.1419838e+00   3.0348920e+00  -4.2471846e+00   7.0550475e+00   1.1495325e+01   1.3868644e+01   7.2025317e+00   1.7039223e+01   9.8196986e+00   3.6745519e+00   8.4715243e-01   1.3161728e+00   1.4749488e+01   2.5678786e+00  -1.4071654e-01  -8.9453865e+00   4.3047270e+00   6.1868557e+00
   2.4921320e+00   3.2177433e+00  -2.1727478e+00  -3.8602087e+00   6.3824686e-01   1.7432420e+00   1.9920172e+00  -7.2669029e+00   3.9523501e-01   3.7794191e+00   7.5662355e-01   4.7908359e+00   5.9622414e+00   8.1083524e+00   1.1574999e+01   1.2535930e+01   1.2674311e+01   1.2902216e+01   9.0151553e+00   8.4513491e+00   1.5650569e+01   7.5820773e+00   4.9988311e+00   2.1601321e+00  -3.6815210e+00   6.2512988e+00  -6.4737666e+00  -5.9391888e+00  -4.5842245e+00   4.8453451e+00  -1.2361998e+00
