   0.0000000e+00   5.0000000e-01   1.0000000e+00   1.5000000e+00   2.0000000e+00   2.5000000e+00   3.0000000e+00   3.5000000e+00   4.0000000e+00   4.5000000e+00   5.0000000e+00   5.5000000e+00   6.0000000e+00   6.5000000e+00   7.0000000e+00   7.5000000e+00   8.0000000e+00   8.5000000e+00   9.0000000e+00   9.5000000e+00   1.0000000e+01   1.0500000e+01   1.1000000e+01   1.1500000e+01   1.2000000e+01   1.2500000e+01   1.3000000e+01   1.3500000e+01   1.4000000e+01   1.4500000e+01   1.5000000e+01
   3.0181772e+00  -6.3838484e+00   5.2875471e+00   1.9449677e+00   1.0414924e+00   3.6745131e+00   9.3340262e+00  -4.7589264e-01   5.0510432e+00   8.4578713e+00   3.0407155e+00  -2.2115999e+00   9.2468139e+00   3.2511486e+00   6.0401259e+00   4.8413096e+00  -1.2062534e-01  -2.3684622e+00  -3.1978219e+00   4.9068945e+00   1.0880354e+00  -7.1005350e+00   2.5858594e+00  -2.5064821e+00   4.5129870e+00  -5.3623785e+00   1.7901798e+00   1.6805052e+00   6.7029887e+00  -5.3933005e-01  -3.2377980e+00
   2.1100384e+00   8.0733766e-01  -2.0541089e+00  -6.1104881e+00  -3.3522559e-01  -9.9428913e+00   7.1043741e+00  -4.9763029e+00  -4.2076165e-01  -2.7700157e-01  -3.3018177e+00   3.7381149e+00   7.1845951e+00   1.6046867e+01   7.0967583e-01   1.0942268e+01   2.2747660e+00  -8.8762320e+00  -5.9554438e+00   2.8053090e+00  -3.6448741e+00  -7.4273030e+00   6.2147883e+00  -3.1903901e-01  -1.1780885e+00   1.8357056e-01   2.2880268e+00  -1.3009458e+00  -2.9891859e+00   2.3089399e-01  -5.6247628e-01
   4.6104643e+00   9.8773568e+00   1.0221714e+00   5.0809963e+00   5.8114196e+00   1.2321008e+00   8.0906349e+00   2.6979151e-02   3.4562795e+00   4.7309188e+00  -2.6740619e+00   6.7018850e+00   6.0775073e+00   7.9056993e+00   1.0348742e+01   2.2573425e+00   1.6555777e+00   5.5206771e+00   1.2358752e+00   3.0900674e+00  -1.8809822e+00  -1.0571667e+01   1.5661016e+00   4.4749816e+00   1.3383538e+00   1.5180283e+00  -8.8291536e+00   2.2554181e+00  -3.4891155e+00  -1.7500043e+00  -4.1291398e+00
  -6.0523951e+00   1.0854308e+01  -9.3706297e+00   4.3828486e+00  -6.5695101e-01  -1.8003917e+00  -9.7166154e-01  -5.1634278e+00  -1.4589864e+00  -1.8131263e+00  -1.9417551e+00   9.5151417e+00   5.1498127e+00   9.3284547e+00   6.7141212e+00   7.7912211e+00  -6.3963728e-01   4.0906236e+00   5.0426820e+00   5.5885188e-01   2.3456387e+00  -3.5676363e+00   6.8375154e-01  -5.1254332e-01   1.8855220e+00   3.9534659e+00   1.7964094e+00  -4.8992002e+00   3.3437228e+00  -2.2302942e+00   6.2080996e+00
  -6.5300037e+00   7.2876368e+00  -1.9414454e+00   5.3719317e+00  -8.8063085e+00   4.7435721e+00  -6.1167220e+00   4.9126493e-01   7.7934355e+00   1.4685821e+00   2.4882938e+00   1.0219964e+01   1.7083579e+00   6.0634337e+00   8.4214399e+00   4.0310956e+00   4.5202625e+00  -1.8217920e+00   4.6071474e+00   3.7832497e-01  -2.9068513e-01  -4.3640518e+00   1.7643607e+00   5.6626163e-01   4.9865389e+00  -5.8416271e+00  -1.3585797e+01   2.7838742e+00   1.8888798e+00   3.4269891e-01  -2.9761539e+00
   7.7086416e-01  -2.5617658e+00  -2.5232040e-01   5.1456291e-01  -6.9151410e-02  -1.2377140e+00  -8.8684442e+00  -1.6591923e+00   3.3017559e+00  -8.2709385e-01   2.7360370e-01   3.1797272e-01   3.9479865e+00   3.0023810e+00   9.6513379e-01  -7.9959693e+00   9.4159547e+00   6.8942957e+00   7.1198964e+00   3.8712786e+00  -2.7230768e+00   4.9742133e+00  -2.6628200e+00   3.4481026e-01   6.5512987e+00   8.8636668e-01  -3.9842995e+00  -1.1617071e+01  -4.3803454e+00   5.3933510e+00   8.5103818e+00
   7.0363529e+00  -2.0189521e+00  -5.0696083e+00   8.6248792e-02  -4.6056225e+00  -1.9217761e-01  -1.3183106e+00   4.1222307e+00  -1.3640523e+00   6.4408718e+00   8.3571708e+00   5.2400045e+00   6.6332552e+00   4.7423176e+00   5.5020100e+00   1.5388104e+01   9.7346152e+00   5.4909892e+00  -5.2954863e+00   2.1877250e+00  -2.1988991e+00  -1.0360721e+01  -4.5386258e+00  -2.4797295e+00  -1.8294503e+00  -6.0832927e+00   3.9909715e-01   5.1434225e-01   4.6283118e+00   6.7547389e+00   2.8613464e+00
   1.1690203e+01  -2.3092142e+00  -5.2778791e+00   1.1076541e+01  -1.0647062e+00  -3.5786442e-01  -5.9928466e+00  -2.9756091e+00   5.5046396e+00   3.9132573e+00   8.1264468e+00   6.8624690e+00   4.4850352e+00   2.7879827e+00   4.1839003e+00   3.2332882e+00  -6.1202309e+00  -1.3522641e+00  -4.5767799e+00   4.2195964e+00   5.5883457e+00  -4.9085713e+00  -8.3760252e-01   1.1584568e-01  -6.9654945e+00   1.4493428e+00   5.9815298e-01   2.4247105e+00  -6.0952104e+00  -7.4817492e+00   5.9152367e-01
   1.9570600e+00  -3.5980304e-01  -2.4814394e+00  -2.1462715e+00   4.9498754e+00   3.0784341e+00  -5.7933649e-01   5.0723524e+00  -6.4247116e+00  -6.3131704e+00  -2.5938663e+00   1.3734648e+00   1.3107494e+01  -5.0732592e-01   4.3839624e+00  -7.9320843e+00  -1.8232064e+00   3.7489345e+00   2.6924948e-01  -3.7430760e+00   4.0626958e+00  -2.4328534e+00  -4.3488532e+00  -9.2791221e+00  -6.9313478e+00  -4.0312682e+00  -8.7960538e-01   4.2981919e+00   3.1446749e+00  -4.0677036e+00   6.3414473e+00
   9.4345864e-01  -3.4680270e+00  -3.3470933e-01   2.8080643e-03  -1.5210313e+00   7.0182102e+00   2.2789804e+00   2.7544940e+00   5.8244851e-01   1.4942523e+00   1.0605259e+00   1.9184476e+01   1.9599042e+00  -1.6379228e+00   7.9692720e+00   6.2629898e+00  -1.8427290e+00   9.5490160e+00   7.8791750e+00   5.9090709e+00   1.9560848e+00   8.5731794e-01   6.5476455e+00  -5.9641924e+00   2.6567698e+00   8.7566260e+00   6.2954427e-01  -3.7454436e-01  -4.5453639e+00   1.1748578e+00  -1.5283685e+00
